2013-10-18,18.459999,18.639999,18.350000,18.520000,17.377487,8759400
2013-10-21,18.660000,18.969999,18.639999,18.950001,17.780960,8509300
2013-10-22,19.250000,19.910000,19.250000,19.879999,18.653584,18320100
2013-10-23,19.690001,19.879999,19.260000,19.389999,18.193810,12051400
2013-10-24,19.820000,20.370001,19.590000,20.070000,18.831861,16434100
2013-10-25,19.990000,20.200001,19.639999,20.139999,18.897549,12223300
2013-10-28,20.240000,20.620001,19.830000,20.250000,19.000761,12320200
2013-10-29,20.160000,20.219999,19.730000,19.770000,18.550369,11607700
2013-10-30,20.100000,20.530001,19.420000,20.500000,19.235334,22733500
2013-10-31,19.930000,20.190001,19.270000,19.389999,18.193810,24625600
2013-11-01,18.160000,18.459999,17.870001,18.010000,16.898949,74458200
2013-11-04,18.180000,18.340000,17.940001,18.309999,17.180439,23644000
2013-11-05,18.219999,18.299999,18.090000,18.280001,17.152287,16473200
2013-11-06,18.290001,18.350000,18.209999,18.340000,17.208590,32918800
2013-11-07,18.170000,18.350000,18.100000,18.180000,17.058462,29830200
2013-11-08,18.000000,18.250000,17.590000,18.219999,17.095991,20904100
2013-11-11,18.020000,18.260000,17.860001,18.190001,17.067848,16576400
2013-11-12,18.150000,18.250000,17.940001,18.030001,16.917711,14658000
2013-11-13,18.139999,18.190001,18.010000,18.100000,16.983402,13874900
2013-11-14,18.180000,18.219999,18.000000,18.110001,16.992779,21292900
2013-11-15,18.150000,18.180000,18.070000,18.070000,16.955246,16064800
2013-11-18,18.040001,18.049999,17.580000,17.670000,16.579927,16396400
2013-11-19,17.750000,17.900000,17.650000,17.830000,16.730053,11678100
2013-11-20,17.600000,17.780001,16.959999,17.180000,16.120148,25133200
2013-11-21,17.020000,17.120001,16.570000,16.850000,15.810509,25783700
2013-11-22,16.930000,17.180000,16.350000,16.379999,15.369501,19916100
2013-11-25,16.200001,16.680000,15.900000,16.389999,15.378885,27836200
2013-11-26,16.180000,16.379999,16.020000,16.209999,15.256531,14120400
2013-11-27,16.450001,16.600000,16.190001,16.360001,15.445352,11241600
2013-11-29,16.580000,16.670000,16.440001,16.490000,15.568085,5895800
2013-12-02,16.250000,16.480000,15.530000,15.540000,14.671197,19954800
2013-12-03,15.520000,15.810000,15.420000,15.510000,14.642874,16259200
2013-12-04,15.610000,15.850000,15.260000,15.680000,14.803371,26336700
2013-12-05,15.470000,15.820000,15.320000,15.430000,14.567347,16348300
2013-12-06,15.490000,15.680000,15.350000,15.400000,14.539021,13779400
2013-12-09,15.630000,16.160000,15.610000,16.000000,15.105479,17704600
2013-12-10,16.549999,17.000000,16.510000,16.870001,15.926837,21759600
2013-12-11,16.850000,16.879999,16.320000,16.379999,15.464230,15990000
2013-12-12,15.950000,16.510000,15.940000,16.459999,15.539756,15321000
2013-12-13,16.639999,16.980000,16.510000,16.740000,15.804103,15426700
2013-12-16,16.809999,17.230000,16.620001,17.049999,16.096777,15207800
2013-12-17,16.990000,17.240000,16.870001,17.200001,16.238384,15641100
2013-12-18,17.190001,17.379999,16.889999,16.910000,15.964603,22478500
2013-12-19,16.500000,16.820000,16.440001,16.580000,15.653054,17758400
2013-12-20,16.709999,16.840000,16.549999,16.580000,15.653054,27821300
2013-12-23,16.680000,16.740000,16.360001,16.670000,15.738021,11577900
2013-12-24,16.719999,17.340000,16.709999,17.290001,16.323355,9338000
2013-12-26,17.410000,17.629999,17.129999,17.290001,16.323355,9427900
2013-12-27,17.389999,17.469999,17.260000,17.459999,16.483849,7344500
2013-12-30,17.320000,17.600000,17.080000,17.110001,16.153421,12358400
2013-12-31,16.980000,17.650000,16.900000,17.629999,16.644352,13362600
2014-01-02,17.959999,18.350000,17.910000,18.309999,17.286331,17437300
2014-01-03,18.430000,18.520000,18.080000,18.150000,17.135279,13974300
2014-01-06,18.450001,18.559999,18.170000,18.350000,17.324097,11572400
2014-01-07,18.190001,18.299999,17.950001,18.270000,17.248568,10197600
2014-01-08,18.110001,18.110001,17.780001,17.959999,16.955904,13334700
2014-01-09,17.910000,17.940001,17.680000,17.740000,16.748198,10538600
2014-01-10,18.020000,18.400000,17.910000,18.180000,17.163603,15409700
2014-01-13,18.129999,18.200001,17.690001,18.170000,17.154163,13278200
2014-01-14,18.090000,18.270000,17.690001,17.799999,16.804844,12127200
2014-01-15,17.639999,18.129999,17.580000,18.040001,17.031431,8504400
2014-01-16,18.190001,18.299999,17.950001,18.209999,17.191921,8824300
2014-01-17,18.450001,18.900000,18.450001,18.770000,17.720613,19137300
2014-01-21,18.760000,19.299999,18.620001,19.250000,18.173777,18186700
2014-01-22,19.000000,19.000000,18.670000,18.799999,17.748938,11668400
2014-01-23,19.090000,19.600000,19.080000,19.309999,18.230429,18033900
2014-01-24,19.459999,19.950001,18.709999,19.030001,17.966084,22899500
2014-01-27,18.870001,18.930000,18.469999,18.530001,17.494034,13700000
2014-01-28,18.620001,18.879999,18.490000,18.799999,17.748938,11698900
2014-01-29,19.110001,19.600000,19.070000,19.520000,18.428682,20759800
2014-01-30,18.850000,19.370001,18.750000,19.219999,18.145454,17025000
2014-01-31,19.330000,19.570000,19.059999,19.280001,18.202103,16130300
2014-02-03,19.480000,19.760000,19.280001,19.299999,18.220982,17360300
2014-02-04,19.170000,19.299999,19.010000,19.150000,18.079365,13351500
2014-02-05,19.209999,19.320000,18.540001,18.559999,17.522356,14268100
2014-02-06,18.670000,18.799999,18.340000,18.500000,17.465710,7270400
2014-02-07,18.600000,18.990000,18.549999,18.889999,17.833902,10385700
2014-02-10,19.129999,19.410000,19.100000,19.280001,18.202103,10776800
2014-02-11,19.430000,19.719999,19.280001,19.570000,18.475889,13500600
2014-02-12,19.650000,19.690001,18.809999,18.969999,17.909435,18589200
2014-02-13,19.170000,20.219999,19.129999,20.090000,18.966814,21827900
2014-02-14,20.500000,20.740000,20.080000,20.340000,19.202841,19717500
2014-02-18,20.830000,20.840000,20.160000,20.360001,19.221725,13883800
2014-02-19,20.320000,20.660000,19.680000,19.770000,18.664713,14044300
2014-02-20,20.180000,21.030001,19.809999,20.980000,19.807060,19645300
2014-02-21,20.980000,21.209999,20.740000,20.950001,19.778738,13874800
2014-02-24,21.240000,21.379999,20.980000,21.230000,20.043081,15749100
2014-02-25,21.200001,21.450001,21.020000,21.080000,19.901464,12230900
2014-02-26,20.920000,21.070000,20.480000,20.790001,19.674351,13212600
2014-02-27,20.780001,21.110001,20.520000,20.700001,19.589178,11472100
2014-02-28,20.719999,20.799999,20.299999,20.379999,19.286350,12270100
2014-03-03,20.940001,21.020000,20.440001,20.500000,19.399908,11817000
2014-03-04,20.360001,20.600000,20.209999,20.360001,19.267426,9318100
2014-03-05,20.420000,20.660000,20.129999,20.379999,19.286350,10306100
2014-03-06,20.520000,20.570000,20.230000,20.350000,19.257959,10918600
2014-03-07,19.879999,20.090000,19.709999,19.910000,18.841570,11147500
2014-03-10,19.920000,19.930000,19.580000,19.750000,18.690159,7728000
2014-03-11,19.860001,20.010000,19.740000,19.820000,18.756399,10476900
2014-03-12,20.110001,20.379999,20.040001,20.340000,19.248497,10076200
2014-03-13,20.360001,20.860001,20.219999,20.790001,19.674351,12390200
2014-03-14,21.000000,21.100000,20.650000,20.910000,19.787905,12194000
2014-03-17,20.780001,20.889999,20.440001,20.450001,19.352592,10722200
2014-03-18,19.969999,20.379999,19.959999,20.219999,19.134932,11402600
2014-03-19,19.900000,20.010000,19.330000,19.389999,18.349472,13300000
2014-03-20,19.190001,19.629999,19.100000,19.420000,18.377867,9341000
2014-03-21,19.690001,19.700001,19.170000,19.400000,18.358940,16002500
2014-03-24,19.150000,19.200001,18.350000,18.530001,17.535625,15150300
2014-03-25,18.620001,18.799999,18.379999,18.520000,17.526167,8651600
2014-03-26,18.510000,18.629999,17.840000,17.879999,16.920511,15661600
2014-03-27,17.830000,18.240000,17.719999,18.080000,17.109776,12531300
2014-03-28,18.010000,18.459999,17.799999,18.299999,17.317974,12542500
2014-03-31,18.180000,18.290001,17.750000,17.830000,16.873188,10144600
2014-04-01,17.930000,18.090000,17.740000,17.889999,16.929972,8008000
2014-04-02,18.250000,18.760000,18.250000,18.620001,17.620796,14418500
2014-04-03,18.450001,18.459999,18.160000,18.350000,17.365286,10580300
2014-04-04,18.889999,19.010000,18.379999,18.480000,17.488308,9460700
2014-04-07,18.400000,18.620001,18.219999,18.350000,17.365286,6474000
2014-04-08,18.700001,18.850000,18.549999,18.790001,17.781677,7522600
2014-04-09,18.570000,19.219999,18.500000,18.930000,17.914160,10035000
2014-04-10,19.090000,19.170000,18.690001,18.790001,17.781677,9889900
2014-04-11,18.799999,19.150000,18.580000,18.620001,17.620796,8482300
2014-04-14,18.840000,19.000000,18.730000,18.830000,17.819525,11703900
2014-04-15,18.230000,18.610001,18.090000,18.540001,17.545088,10447900
2014-04-16,18.520000,18.580000,18.209999,18.320000,17.336887,7649300
2014-04-17,18.389999,18.440001,17.950001,17.980000,17.015142,8633100
2014-04-21,17.900000,18.030001,17.170000,17.280001,16.352707,25719200
2014-04-22,17.520000,17.629999,17.360001,17.549999,16.608215,18948500
2014-04-23,17.629999,18.000000,17.459999,17.809999,16.854256,12320300
2014-04-24,17.600000,17.900000,17.400000,17.469999,16.532509,13352300
2014-04-25,17.629999,17.900000,17.530001,17.889999,16.929972,10665000
2014-04-28,17.879999,17.900000,17.270000,17.330000,16.400023,14423700
2014-04-29,17.480000,17.799999,17.370001,17.670000,16.721777,11074000
2014-04-30,17.410000,17.770000,17.350000,17.469999,16.532509,11828100
2014-05-01,17.280001,17.340000,17.070000,17.110001,16.191824,13209200
2014-05-02,17.190001,17.480000,17.049999,17.400000,16.466265,12876800
2014-05-05,17.620001,17.650000,17.370001,17.469999,16.532509,8555300
2014-05-06,17.520000,17.559999,17.370001,17.450001,16.513584,5257600
2014-05-07,17.350000,17.410000,17.129999,17.280001,16.352707,8865300
2014-05-08,17.290001,17.360001,17.049999,17.170000,16.248608,6941300
2014-05-09,17.299999,17.379999,17.080000,17.230000,16.305386,6686000
2014-05-12,17.459999,17.480000,17.309999,17.360001,16.428410,5839200
2014-05-13,17.379999,17.490000,17.219999,17.250000,16.324314,5048400
2014-05-14,17.430000,17.600000,17.370001,17.400000,16.466265,7907500
2014-05-15,17.350000,17.360001,16.750000,16.850000,15.945781,12810000
2014-05-16,16.820000,16.820000,16.510000,16.620001,15.728123,6932800
2014-05-19,16.709999,16.740000,16.350000,16.559999,15.671342,9567100
2014-05-20,16.459999,16.740000,16.450001,16.660000,15.765973,6245300
2014-05-21,16.610001,16.799999,16.500000,16.780001,15.879536,6173500
2014-05-22,16.950001,16.959999,16.530001,16.590000,15.699731,8605600
2014-05-23,16.620001,16.730000,16.480000,16.520000,15.633489,5805900
2014-05-27,16.360001,16.360001,15.890000,15.940000,15.084615,12191200
2014-05-28,15.870000,15.920000,15.470000,15.690000,14.894748,11999600
2014-05-29,15.670000,16.030001,15.650000,15.770000,14.970695,8912400
2014-05-30,15.850000,16.120001,15.720000,16.110001,15.293461,13017200
2014-06-02,16.070000,16.110001,15.830000,15.900000,15.094105,7319200
2014-06-03,15.920000,16.090000,15.690000,15.970000,15.160557,6550700
2014-06-04,16.010000,16.040001,15.860000,15.920000,15.113091,6503500
2014-06-05,16.030001,16.280001,16.010000,16.090000,15.274473,7417700
2014-06-06,16.170000,16.200001,15.810000,16.049999,15.236506,6237300
2014-06-09,16.070000,16.250000,15.970000,15.980000,15.170050,4593900
2014-06-10,16.110001,16.290001,16.100000,16.260000,15.435857,6352300
2014-06-11,16.370001,16.549999,16.240000,16.440001,15.606737,7668100
2014-06-12,16.549999,16.799999,16.520000,16.750000,15.901028,8992700
2014-06-13,16.740000,17.059999,16.480000,16.990000,16.128849,11771500
2014-06-16,17.020000,17.110001,16.820000,16.940001,16.081394,8929300
2014-06-17,16.790001,17.160000,16.709999,17.070000,16.204805,8765600
2014-06-18,17.049999,17.410000,16.879999,17.400000,16.518076,8889300
2014-06-19,17.700001,18.040001,17.540001,18.010000,17.097160,17776000
2014-06-20,17.820000,18.090000,17.740000,17.820000,16.916786,16426800
2014-06-23,17.840000,18.250000,17.760000,18.200001,17.277531,8748100
2014-06-24,18.230000,18.320000,17.620001,17.740000,16.840845,9831500
2014-06-25,17.809999,17.930000,17.680000,17.770000,16.869329,6211300
2014-06-26,17.709999,18.010000,17.559999,18.010000,17.097160,7946600
2014-06-27,18.000000,18.190001,17.860001,18.020000,17.106653,9221900
2014-06-30,17.930000,18.340000,17.840000,18.299999,17.372465,7898600
2014-07-01,18.299999,18.450001,18.020000,18.190001,17.268034,7210200
2014-07-02,18.139999,18.459999,18.129999,18.340000,17.410437,6742700
2014-07-03,18.180000,18.469999,18.049999,18.440001,17.505367,6755700
2014-07-07,18.209999,18.340000,18.020000,18.309999,17.381954,12778500
2014-07-08,18.400000,18.709999,18.070000,18.690001,17.742695,19589200
2014-07-09,18.780001,19.070000,18.660000,18.900000,17.942053,10934700
2014-07-10,19.219999,19.490000,18.490000,18.590000,17.647766,19431300
2014-07-11,18.700001,19.299999,18.500000,19.290001,18.312286,13204300
2014-07-14,18.639999,19.180000,18.610001,18.879999,17.923065,11639000
2014-07-15,18.980000,19.209999,18.290001,18.330000,17.400936,14481000
2014-07-16,18.530001,19.000000,18.440001,18.889999,17.932552,17159700
2014-07-17,18.980000,19.209999,18.780001,19.180000,18.207857,12789100
2014-07-18,18.920000,19.200001,18.870001,19.190001,18.217354,9853600
2014-07-21,19.219999,19.230000,18.799999,19.100000,18.131916,7394900
2014-07-22,19.059999,19.080000,18.760000,18.840000,17.885090,6165900
2014-07-23,18.830000,18.930000,18.709999,18.740000,17.790159,7517200
2014-07-24,18.620001,18.660000,18.250000,18.299999,17.372465,9275300
2014-07-25,18.250000,18.700001,18.200001,18.680000,17.733202,8675400
2014-07-28,18.600000,18.719999,18.420000,18.690001,17.742695,5871600
2014-07-29,18.680000,18.780001,18.530001,18.590000,17.647766,3920200
2014-07-30,18.469999,18.590000,18.240000,18.469999,17.533848,7316800
2014-07-31,18.070000,18.450001,18.049999,18.080000,17.163618,9035100
2014-08-01,18.270000,18.410000,18.020000,18.209999,17.287022,9151400
2014-08-04,18.200001,18.320000,17.870001,18.049999,17.135128,6918500
2014-08-05,18.010000,18.090000,17.750000,18.030001,17.116144,7039000
2014-08-06,18.320000,18.430000,18.230000,18.360001,17.429420,8441700
2014-08-07,18.330000,18.510000,18.230000,18.490000,17.552830,6635000
2014-08-08,18.670000,19.000000,18.559999,18.690001,17.742695,8532600
2014-08-11,18.690001,18.820000,18.559999,18.700001,17.752190,5724100
2014-08-12,18.860001,19.260000,18.799999,19.180000,18.207857,10271900
2014-08-13,19.250000,19.360001,19.049999,19.059999,18.093941,6881900
2014-08-14,19.040001,19.290001,19.010000,19.120001,18.150904,9049700
2014-08-15,18.820000,19.049999,18.770000,18.950001,17.989517,6126300
2014-08-18,18.799999,19.010000,18.690001,19.010000,18.046474,6010600
2014-08-19,18.959999,19.090000,18.760000,18.830000,17.875593,4012200
2014-08-20,18.799999,18.830000,18.590000,18.719999,17.771173,5890000
2014-08-21,18.440001,18.490000,18.180000,18.450001,17.514860,9529200
2014-08-22,18.420000,18.450001,18.190001,18.240000,17.315502,8141300
2014-08-25,18.219999,18.260000,17.959999,18.010000,17.097160,5669500
2014-08-26,18.260000,18.280001,18.080000,18.250000,17.324993,6523400
2014-08-27,18.280001,18.299999,17.940001,18.120001,17.248844,3573700
2014-08-28,18.299999,18.299999,18.129999,18.219999,17.344030,4829000
2014-08-29,18.200001,18.430000,18.080000,18.389999,17.505859,5076500
2014-09-02,18.040001,18.129999,17.830000,17.860001,17.001347,8611900
2014-09-03,17.980000,18.000000,17.730000,17.750000,16.896631,5056500
2014-09-04,17.850000,17.870001,17.000000,17.020000,16.201729,14899200
2014-09-05,17.110001,17.250000,16.920000,17.160000,16.334997,10167000
2014-09-08,17.030001,17.090000,16.680000,16.740000,15.935187,10162900
2014-09-09,16.770000,16.980000,16.559999,16.879999,16.068455,8151900
2014-09-10,16.840000,17.010000,16.629999,16.740000,15.935187,10331600
2014-09-11,16.639999,16.930000,16.500000,16.860001,16.049421,9962700
2014-09-12,16.730000,16.959999,16.459999,16.520000,15.725766,9612000
2014-09-15,16.680000,16.690001,16.370001,16.440001,15.649611,6969900
2014-09-16,16.459999,16.719999,16.280001,16.570000,15.773362,9668300
2014-09-17,16.490000,16.639999,16.180000,16.250000,15.468747,9664900
2014-09-18,16.270000,16.320000,15.970000,16.000000,15.230766,10900800
2014-09-19,15.910000,15.970000,15.550000,15.650000,14.897592,17804700
2014-09-22,15.570000,15.590000,15.310000,15.410000,14.669131,13348700
2014-09-23,15.640000,15.720000,15.400000,15.540000,14.792882,10405900
2014-09-24,15.450000,15.650000,15.290000,15.330000,14.592977,8989100
2014-09-25,15.260000,15.620000,15.210000,15.420000,14.678650,12407500
2014-09-26,15.380000,15.380000,15.150000,15.240000,14.507302,8276800
2014-09-29,15.320000,15.360000,14.990000,15.000000,14.278842,7872200
2014-09-30,14.880000,15.000000,14.550000,14.660000,13.955190,15680800
2014-10-01,14.760000,15.030000,14.670000,14.750000,14.040861,11922400
2014-10-02,14.840000,14.900000,14.480000,14.700000,13.993266,13280300
2014-10-03,14.410000,14.410000,14.060000,14.160000,13.479226,14979200
2014-10-06,14.250000,14.350000,14.150000,14.240000,13.555382,13519500
2014-10-07,14.260000,14.320000,13.580000,13.660000,13.003265,20884600
2014-10-08,13.900000,14.480000,13.410000,14.370000,13.679131,20503900
2014-10-09,14.400000,14.410000,13.570000,13.930000,13.260283,19648600
2014-10-10,13.820000,14.040000,13.460000,13.480000,12.831921,11679900
2014-10-13,13.630000,13.880000,13.420000,13.450000,12.803359,10546700
2014-10-14,13.630000,13.910000,13.530000,13.670000,13.012785,10181900
2014-10-15,13.620000,13.940000,13.400000,13.550000,12.898555,13742700
2014-10-16,13.470000,14.000000,13.410000,13.780000,13.117496,12820700
2014-10-17,13.850000,13.880000,13.410000,13.410000,12.765287,11240000
2014-10-20,13.540000,13.730000,13.430000,13.680000,13.022305,7813300
2014-10-21,13.870000,13.870000,13.520000,13.620000,12.965188,9726500
2014-10-22,13.570000,13.710000,13.370000,13.390000,12.746246,10546400
2014-10-23,13.330000,13.650000,13.160000,13.450000,12.803359,11017900
2014-10-24,13.520000,13.590000,13.320000,13.520000,12.869998,9428700
2014-10-27,13.400000,13.430000,13.280000,13.300000,12.660574,9042000
2014-10-28,13.380000,13.570000,13.250000,13.520000,12.869998,6910000
2014-10-29,13.390000,13.420000,12.800000,12.830000,12.213167,15936500
2014-10-30,12.850000,12.980000,12.200000,12.290000,11.699130,26754800
2014-10-31,11.970000,12.120000,11.330000,11.870000,11.299323,33658100
2014-11-03,11.820000,12.000000,11.510000,11.920000,11.346920,18582200
2014-11-04,11.980000,12.030000,11.400000,11.460000,10.909037,16736600
2014-11-05,11.170000,11.480000,10.900000,10.970000,10.442595,26788000
2014-11-06,11.150000,11.530000,11.090000,11.340000,10.794806,19088000
2014-11-07,11.570000,12.190000,11.550000,12.160000,11.575382,20838400
2014-11-10,11.930000,11.990000,11.260000,11.350000,10.804325,17389200
2014-11-11,11.500000,11.800000,11.400000,11.640000,11.080382,19777100
2014-11-12,11.930000,11.940000,11.490000,11.730000,11.166053,11830200
2014-11-13,11.850000,11.910000,11.450000,11.510000,10.956634,12111600
2014-11-14,11.420000,12.350000,11.300000,12.280000,11.689613,17847200
2014-11-17,12.310000,12.630000,12.090000,12.470000,11.870480,15598800
2014-11-18,12.740000,13.330000,12.690000,13.290000,12.651057,26007400
2014-11-19,13.250000,13.250000,12.360000,12.460000,11.860958,23849600
2014-11-20,12.610000,12.950000,12.510000,12.830000,12.213167,13994500
2014-11-21,13.180000,13.180000,12.680000,12.850000,12.232210,12994700
2014-11-24,12.790000,12.890000,12.530000,12.580000,11.975189,11092200
2014-11-25,12.650000,12.950000,12.520000,12.900000,12.328804,17978700
2014-11-26,13.060000,13.060000,12.820000,12.930000,12.405560,11325500
2014-11-28,12.320000,12.360000,11.830000,11.890000,11.407743,13464100
2014-12-01,12.210000,12.500000,11.830000,12.410000,11.906653,29024200
2014-12-02,12.120000,12.320000,11.870000,11.930000,11.446122,14920900
2014-12-03,12.070000,12.500000,12.000000,12.330000,11.829897,12212800
2014-12-04,12.340000,12.480000,11.910000,11.960000,11.474904,14253100
2014-12-05,11.720000,11.800000,11.430000,11.560000,11.091127,15812400
2014-12-08,11.680000,11.710000,11.190000,11.540000,11.071939,18570400
2014-12-09,11.850000,12.310000,11.780000,12.060000,11.570848,17570500
2014-12-10,12.080000,12.520000,11.910000,11.940000,11.455716,19150800
2014-12-11,11.810000,12.280000,11.640000,11.820000,11.340583,16496000
2014-12-12,11.780000,11.900000,11.420000,11.470000,11.004780,15284900
2014-12-15,11.190000,11.300000,10.440000,10.450000,10.026148,24684100
2014-12-16,10.760000,10.770000,10.260000,10.320000,9.901423,25554600
2014-12-17,10.320000,10.880000,10.300000,10.760000,10.323576,21296400
2014-12-18,10.950000,11.140000,10.800000,11.090000,10.640191,19607800
2014-12-19,11.080000,11.240000,10.830000,10.830000,10.390737,47500400
2014-12-22,10.840000,10.910000,10.270000,10.320000,9.901423,18471500
2014-12-23,10.340000,10.560000,10.120000,10.170000,9.757506,15624500
2014-12-24,10.190000,10.420000,10.040000,10.310000,9.891829,9273600
2014-12-26,10.570000,10.780000,10.480000,10.580000,10.150878,14284800
2014-12-29,10.500000,10.640000,10.370000,10.480000,10.054932,13918000
2014-12-30,10.580000,11.030000,10.570000,10.860000,10.419519,16975400
2014-12-31,10.820000,10.890000,10.570000,10.750000,10.313983,10791300
2015-01-02,10.540000,10.940000,10.450000,10.910000,10.467492,13884500
2015-01-05,10.980000,11.080000,10.520000,10.900000,10.457898,16028900
2015-01-06,11.020000,11.460000,10.930000,11.270000,10.812892,21643700
2015-01-07,11.080000,11.410000,10.930000,11.120000,10.668974,14361600
2015-01-08,11.010000,11.300000,10.750000,10.810000,10.371549,18134100
2015-01-09,10.960000,11.190000,10.720000,10.990000,10.544248,18460000
2015-01-12,11.060000,11.420000,10.880000,11.330000,10.870456,31410200
2015-01-13,11.470000,11.490000,10.520000,10.680000,10.246822,27751100
2015-01-14,10.820000,10.860000,10.150000,10.410000,9.987770,24995100
2015-01-15,10.720000,11.420000,10.570000,11.370000,10.908834,47959200
2015-01-16,11.490000,11.900000,11.420000,11.750000,11.273421,32505500
2015-01-20,12.200000,12.670000,12.100000,12.530000,12.021786,35752900
2015-01-21,12.780000,13.090000,12.280000,12.740000,12.223268,36016800
2015-01-22,12.900000,13.250000,12.660000,12.790000,12.271241,25263700
2015-01-23,12.660000,12.790000,12.340000,12.430000,11.925839,19671200
2015-01-26,12.100000,12.760000,12.000000,12.690000,12.175295,15653600
2015-01-27,12.890000,13.250000,12.840000,13.110000,12.578261,23691300
2015-01-28,12.920000,13.120000,12.490000,12.610000,12.098540,19198600
2015-01-29,12.280000,12.430000,12.070000,12.290000,11.791521,18368200
2015-01-30,12.350000,12.940000,12.170000,12.780000,12.261646,16184700
2015-02-02,12.520000,13.040000,12.500000,12.890000,12.367181,14963000
2015-02-03,12.800000,13.140000,12.460000,12.680000,12.165700,19234700
2015-02-04,12.760000,13.060000,12.720000,12.910000,12.386374,12409700
2015-02-05,12.870000,13.150000,12.750000,13.060000,12.530291,10661300
2015-02-06,12.550000,12.690000,12.190000,12.320000,11.820302,18986200
2015-02-09,12.390000,12.600000,12.350000,12.500000,11.993003,11698200
2015-02-10,12.280000,12.300000,11.950000,12.170000,11.676386,17280400
2015-02-11,12.200000,12.260000,11.890000,11.940000,11.455716,11344000
2015-02-12,12.120000,12.220000,11.930000,12.130000,11.638009,11627200
2015-02-13,12.250000,12.380000,12.130000,12.140000,11.647603,11347700
2015-02-17,11.900000,12.180000,11.880000,12.030000,11.542063,13651800
2015-02-18,12.030000,12.440000,11.910000,12.230000,11.733955,15613600
2015-02-19,12.550000,13.050000,12.450000,12.820000,12.300022,30671600
2015-02-20,12.860000,13.190000,12.790000,12.890000,12.367181,18397600
2015-02-23,12.690000,13.030000,12.580000,12.710000,12.194485,13306100
2015-02-24,12.590000,12.720000,12.500000,12.580000,12.069757,10852000
2015-02-25,12.710000,12.780000,12.530000,12.780000,12.310576,15997800
2015-02-26,12.910000,12.970000,12.730000,12.760000,12.291308,8433800
2015-02-27,12.830000,13.240000,12.810000,13.020000,12.541760,14261700
2015-03-02,13.040000,13.110000,12.640000,12.760000,12.291308,16977000
2015-03-03,12.800000,13.040000,12.490000,12.510000,12.050490,12371900
2015-03-04,12.510000,12.580000,12.080000,12.150000,11.703713,12727200
2015-03-05,12.180000,12.490000,12.100000,12.190000,11.742246,9882900
2015-03-06,11.820000,11.820000,11.290000,11.340000,10.923467,20398900
2015-03-09,11.410000,11.420000,10.710000,10.800000,10.403299,19821200
2015-03-10,10.690000,11.090000,10.580000,10.680000,10.287711,14891100
2015-03-11,10.680000,10.940000,10.520000,10.890000,10.489998,15086500
2015-03-12,11.030000,11.070000,10.590000,10.660000,10.268444,12814000
2015-03-13,10.700000,10.710000,10.310000,10.600000,10.210649,11839400
2015-03-16,10.560000,10.630000,10.300000,10.560000,10.172118,12741500
2015-03-17,10.390000,10.600000,10.290000,10.330000,9.950565,14272900
2015-03-18,10.300000,11.100000,10.300000,10.970000,10.567059,20575700
2015-03-19,10.850000,10.960000,10.660000,10.890000,10.489998,15648500
2015-03-20,10.980000,11.340000,10.980000,11.100000,10.692284,28775100
2015-03-23,11.240000,11.450000,11.190000,11.400000,10.981263,10453300
2015-03-24,11.450000,11.530000,11.230000,11.370000,10.952364,9020800
2015-03-25,11.460000,11.570000,11.280000,11.360000,10.942732,13451400
2015-03-26,11.560000,11.710000,11.250000,11.290000,10.875305,15229900
2015-03-27,11.220000,11.480000,11.040000,11.290000,10.875305,10816400
2015-03-30,11.050000,11.300000,11.010000,11.140000,10.730814,9911700
2015-03-31,11.100000,11.200000,10.900000,10.960000,10.557425,9558600
2015-04-01,11.070000,12.200000,11.060000,12.010000,11.568858,26376900
2015-04-02,11.840000,12.110000,11.710000,11.880000,11.443631,11378300
2015-04-06,12.320000,12.690000,12.230000,12.610000,12.146818,16712300
2015-04-07,12.460000,12.640000,12.330000,12.360000,11.906002,15746100
2015-04-08,12.440000,12.500000,12.160000,12.320000,11.867470,11273600
2015-04-09,12.160000,12.660000,12.120000,12.420000,11.963798,12856400
2015-04-10,12.630000,12.770000,12.560000,12.680000,12.214247,9019600
2015-04-13,12.610000,12.660000,12.330000,12.360000,11.906002,7920600
2015-04-14,12.400000,12.610000,12.310000,12.510000,12.050490,7362200
2015-04-15,12.550000,13.030000,12.490000,12.850000,12.378004,14091800
2015-04-16,12.900000,13.030000,12.580000,12.650000,12.185349,11749200
2015-04-17,12.760000,12.990000,12.730000,12.760000,12.291308,9334600
2015-04-20,12.660000,12.860000,12.560000,12.750000,12.281676,9041100
2015-04-21,12.650000,12.870000,12.450000,12.810000,12.339474,8566200
2015-04-22,12.800000,12.860000,12.320000,12.370000,11.915632,11527700
2015-04-23,12.410000,12.740000,12.360000,12.640000,12.175718,8614000
2015-04-24,12.580000,12.740000,12.410000,12.520000,12.060124,10012200
2015-04-27,12.660000,13.340000,12.640000,12.800000,12.329840,23700700
2015-04-28,12.540000,13.420000,12.520000,13.300000,12.811475,16149400
2015-04-29,13.360000,13.700000,13.280000,13.510000,13.013760,15877500
2015-04-30,13.170000,13.240000,12.930000,13.020000,12.541760,14933600
2015-05-01,12.850000,13.100000,12.760000,13.070000,12.589922,10473900
2015-05-04,13.370000,13.430000,13.140000,13.170000,12.686250,8245000
2015-05-05,13.330000,13.540000,13.020000,13.110000,12.628453,8579200
2015-05-06,13.200000,13.210000,12.580000,12.630000,12.166080,12566800
2015-05-07,12.530000,12.720000,12.270000,12.690000,12.223878,10866100
2015-05-08,12.760000,12.900000,12.650000,12.750000,12.281676,8258600
2015-05-11,12.720000,12.900000,12.670000,12.780000,12.310576,6351600
2015-05-12,12.850000,12.940000,12.710000,12.830000,12.358736,6279200
2015-05-13,12.990000,13.410000,12.950000,13.250000,12.763311,17002100
2015-05-14,13.370000,13.610000,13.130000,13.180000,12.695883,9854600
2015-05-15,13.060000,13.440000,12.970000,13.120000,12.638086,10455700
2015-05-18,13.180000,13.390000,13.130000,13.190000,12.705515,6434700
2015-05-19,12.940000,13.070000,12.460000,12.470000,12.011962,14190200
2015-05-20,12.640000,12.660000,12.420000,12.430000,11.973431,8264300
2015-05-21,12.420000,12.490000,12.240000,12.440000,11.983061,8620000
2015-05-22,12.460000,12.490000,12.240000,12.290000,11.838575,7871000
2015-05-26,12.050000,12.060000,11.620000,11.710000,11.279877,21707400
2015-05-27,11.740000,11.750000,11.560000,11.700000,11.318571,9348500
2015-05-28,11.730000,12.030000,11.530000,12.000000,11.608794,13398300
2015-05-29,11.970000,12.050000,11.730000,11.860000,11.473358,11635100
2015-06-01,11.940000,12.060000,11.760000,11.820000,11.434660,9065000
2015-06-02,11.960000,12.170000,11.920000,11.980000,11.589442,11180600
2015-06-03,11.880000,12.150000,11.870000,11.990000,11.599118,12854500
2015-06-04,11.850000,11.880000,11.660000,11.690000,11.308898,10278600
2015-06-05,11.510000,11.600000,11.380000,11.470000,11.096072,13753000
2015-06-08,11.480000,11.510000,11.300000,11.460000,11.086396,10512700
2015-06-09,11.570000,11.710000,11.490000,11.530000,11.154115,10324700
2015-06-10,11.770000,11.820000,11.550000,11.630000,11.250854,8865100
2015-06-11,11.560000,11.560000,11.250000,11.270000,10.902593,8250200
2015-06-12,11.250000,11.460000,11.180000,11.270000,10.902593,7176200
2015-06-15,11.250000,11.620000,11.210000,11.470000,11.096072,8738900
2015-06-16,11.380000,11.400000,11.140000,11.180000,10.815523,12842900
2015-06-17,11.190000,11.570000,11.060000,11.540000,11.163789,14363100
2015-06-18,11.820000,11.970000,11.660000,11.710000,11.328247,18426600
2015-06-19,11.650000,11.800000,11.410000,11.480000,11.105745,14185200
2015-06-22,11.300000,11.350000,11.160000,11.160000,10.796177,10341400
2015-06-23,11.120000,11.200000,11.060000,11.160000,10.796177,10233400
2015-06-24,11.120000,11.170000,10.970000,11.110000,10.747808,10624000
2015-06-25,11.110000,11.190000,10.970000,10.990000,10.631719,10482300
2015-06-26,10.970000,11.070000,10.870000,10.900000,10.544653,8858300
2015-06-29,10.960000,10.990000,10.720000,10.780000,10.428563,9930000
2015-06-30,10.740000,10.860000,10.560000,10.660000,10.312478,9690000
2015-07-01,10.630000,10.660000,10.400000,10.450000,10.109323,10582200
2015-07-02,10.520000,10.590000,10.430000,10.570000,10.225411,8117300
2015-07-06,10.520000,11.000000,10.470000,10.850000,10.496284,10551500
2015-07-07,10.500000,10.600000,10.250000,10.320000,9.983562,20011600
2015-07-08,10.390000,10.510000,10.270000,10.300000,9.964213,14730200
2015-07-09,10.440000,10.440000,10.120000,10.150000,9.819105,10201400
2015-07-10,10.240000,10.270000,10.050000,10.110000,9.780407,7351600
2015-07-13,9.990000,10.030000,9.740000,9.970000,9.644970,11291100
2015-07-14,10.000000,10.180000,9.880000,9.890000,9.567580,12978400
2015-07-15,9.790000,9.870000,9.600000,9.650000,9.335403,13087000
2015-07-16,9.600000,9.630000,9.210000,9.240000,8.938769,20033400
2015-07-17,9.190000,9.210000,8.610000,8.790000,8.503440,26103200
2015-07-20,8.390000,8.460000,7.380000,7.410000,7.168429,51243100
2015-07-21,7.720000,7.880000,7.360000,7.500000,7.255496,36732600
2015-07-22,7.290000,7.500000,7.030000,7.360000,7.120059,28402300
2015-07-23,7.440000,7.460000,7.040000,7.070000,6.839513,25243700
2015-07-24,6.960000,7.270000,6.790000,7.250000,7.013645,42134900
2015-07-27,7.210000,7.530000,6.840000,6.900000,6.675056,33730300
2015-07-28,7.010000,7.030000,6.880000,6.890000,6.665380,21553400
2015-07-29,6.940000,7.340000,6.850000,7.230000,6.994297,28305800
2015-07-30,7.100000,7.180000,6.950000,7.050000,6.820166,19647200
2015-07-31,7.220000,7.330000,6.910000,7.060000,6.829840,29460900
2015-08-03,7.020000,7.020000,6.620000,6.700000,6.481575,16055600
2015-08-04,6.820000,6.900000,6.720000,6.800000,6.578315,20794200
2015-08-05,6.870000,6.930000,6.520000,6.540000,6.326792,18036900
2015-08-06,6.700000,7.110000,6.680000,6.880000,6.655708,31155100
2015-08-07,7.020000,7.380000,6.950000,7.040000,6.810492,27463100
2015-08-10,7.190000,7.690000,7.000000,7.610000,7.361909,25882200
2015-08-11,7.920000,7.940000,7.250000,7.680000,7.429627,32286700
2015-08-12,7.880000,8.160000,7.860000,8.130000,7.864958,36070200
2015-08-13,7.920000,8.120000,7.720000,7.770000,7.516693,21070800
2015-08-14,7.920000,8.050000,7.640000,7.680000,7.429627,14902700
2015-08-17,7.810000,7.980000,7.670000,7.870000,7.613432,17357600
2015-08-18,7.740000,7.750000,7.500000,7.660000,7.410279,21143600
2015-08-19,7.810000,8.040000,7.720000,7.900000,7.642456,23993200
2015-08-20,8.190000,8.520000,8.180000,8.240000,7.971370,28769400
2015-08-21,8.390000,8.440000,7.910000,8.010000,7.748869,24266200
2015-08-24,7.720000,7.820000,7.150000,7.230000,6.994297,30264100
2015-08-25,7.420000,7.500000,6.860000,6.990000,6.762122,17932200
2015-08-26,6.920000,6.920000,6.520000,6.550000,6.336466,29322800
2015-08-27,6.600000,6.910000,6.510000,6.840000,6.637279,31487300
2015-08-28,6.890000,7.280000,6.870000,7.130000,6.918684,27217000
2015-08-31,6.980000,7.000000,6.630000,6.950000,6.744018,23177600
2015-09-01,7.030000,7.180000,6.690000,6.750000,6.549946,21711000
2015-09-02,6.740000,6.780000,6.500000,6.690000,6.491724,16477100
2015-09-03,6.590000,6.910000,6.450000,6.480000,6.287948,18802700
2015-09-04,6.410000,6.440000,6.230000,6.410000,6.220021,16294200
2015-09-08,6.480000,6.600000,6.350000,6.520000,6.326762,12933600
2015-09-09,6.410000,6.540000,6.250000,6.270000,6.084172,18760900
2015-09-10,6.400000,6.420000,6.130000,6.210000,6.025950,17477100
2015-09-11,6.130000,6.400000,5.950000,6.350000,6.161801,21091200
2015-09-14,6.290000,6.400000,6.160000,6.230000,6.045358,14768600
2015-09-15,6.180000,6.420000,6.140000,6.250000,6.064765,12498800
2015-09-16,6.410000,6.720000,6.380000,6.700000,6.501427,31870700
2015-09-17,6.590000,7.040000,6.490000,6.840000,6.637279,27386100
2015-09-18,6.940000,7.010000,6.660000,6.750000,6.549946,26255200
2015-09-21,6.650000,6.750000,6.560000,6.580000,6.384984,16618400
2015-09-22,6.410000,6.460000,6.080000,6.110000,5.928914,20562900
2015-09-23,6.220000,6.230000,5.910000,5.940000,5.763952,16237000
2015-09-24,6.080000,6.580000,6.020000,6.560000,6.365577,33177000
2015-09-25,6.400000,6.630000,6.360000,6.570000,6.375281,22610200
2015-09-28,6.360000,6.470000,6.260000,6.260000,6.074468,17148800
2015-09-29,6.330000,6.460000,6.150000,6.210000,6.025950,13473400
2015-09-30,6.140000,6.360000,6.040000,6.360000,6.171505,19516900
2015-10-01,6.410000,6.500000,6.130000,6.190000,6.006543,14439300
2015-10-02,6.430000,6.630000,6.420000,6.570000,6.375281,19712800
2015-10-05,6.630000,6.940000,6.610000,6.850000,6.646982,20582300
2015-10-06,7.090000,7.460000,7.050000,7.300000,7.083645,28732300
2015-10-07,7.320000,7.450000,7.100000,7.240000,7.025423,22327400
2015-10-08,7.110000,7.520000,7.090000,7.160000,6.947793,21249800
2015-10-09,7.450000,7.660000,7.390000,7.610000,7.384458,21282700
2015-10-12,7.820000,7.830000,7.290000,7.410000,7.190383,19924700
2015-10-13,7.400000,7.650000,7.280000,7.460000,7.238904,14780700
2015-10-14,7.710000,8.200000,7.700000,8.180000,7.937565,31098600
2015-10-15,8.030000,8.190000,7.920000,8.160000,7.918157,22680400
2015-10-16,8.080000,8.160000,7.820000,7.850000,7.617344,16390200
2015-10-19,7.760000,7.900000,7.530000,7.560000,7.335938,15880800
2015-10-20,7.650000,8.020000,7.610000,7.890000,7.656158,16868000
2015-10-21,7.740000,7.800000,7.480000,7.510000,7.287422,16279300
2015-10-22,7.460000,7.730000,7.450000,7.590000,7.365049,15245100
2015-10-23,7.710000,7.820000,7.450000,7.750000,7.520308,20955400
2015-10-26,7.750000,7.760000,7.500000,7.500000,7.277717,12566600
2015-10-27,7.470000,7.590000,7.370000,7.550000,7.326236,16647300
2015-10-28,7.660000,8.190000,7.440000,7.690000,7.462086,31892200
2015-10-29,7.640000,8.330000,7.620000,7.820000,7.588234,30687200
2015-10-30,7.830000,7.990000,7.690000,7.690000,7.462086,17543000
2015-11-02,7.610000,7.820000,7.540000,7.760000,7.530012,12999700
2015-11-03,7.640000,7.920000,7.600000,7.840000,7.607641,16128700
2015-11-04,7.910000,8.000000,7.520000,7.570000,7.345643,18667600
2015-11-05,7.530000,7.560000,7.210000,7.360000,7.141867,31339700
2015-11-06,7.000000,7.190000,6.900000,7.050000,6.841054,23367000
2015-11-09,7.060000,7.390000,7.020000,7.360000,7.141867,13645800
2015-11-10,7.230000,7.300000,7.120000,7.200000,6.986609,8848000
2015-11-11,7.240000,7.340000,7.160000,7.280000,7.064237,8533100
2015-11-12,7.170000,7.680000,7.090000,7.550000,7.326236,19297100
2015-11-13,7.490000,7.590000,7.370000,7.540000,7.316531,10528400
2015-11-16,7.590000,7.740000,7.550000,7.630000,7.403864,11116300
2015-11-17,7.600000,7.620000,6.920000,6.990000,6.782834,25872600
2015-11-18,7.060000,7.260000,6.900000,7.230000,7.015719,13850800
2015-11-19,7.280000,7.600000,7.200000,7.540000,7.316531,15310200
2015-11-20,7.600000,7.670000,7.140000,7.190000,6.976905,12522800
2015-11-23,7.120000,7.230000,7.030000,7.120000,6.908980,9627700
2015-11-24,7.220000,7.470000,7.060000,7.380000,7.161274,13602200
2015-11-25,7.260000,7.500000,7.210000,7.380000,7.180735,9490700
2015-11-27,7.170000,7.270000,7.050000,7.110000,6.936823,7677900
2015-11-30,7.140000,7.430000,7.130000,7.340000,7.161222,15264600
2015-12-01,7.380000,7.620000,7.280000,7.600000,7.414887,15541700
2015-12-02,7.360000,7.540000,7.250000,7.420000,7.239272,11738100
2015-12-03,7.490000,7.730000,7.460000,7.570000,7.385620,14349900
2015-12-04,7.700000,8.100000,7.650000,8.090000,7.892953,30526800
2015-12-07,7.960000,7.980000,7.640000,7.690000,7.502696,14454700
2015-12-08,7.710000,7.750000,7.470000,7.520000,7.336836,13196400
2015-12-09,7.690000,7.880000,7.610000,7.730000,7.541723,14169200
2015-12-10,7.700000,7.860000,7.650000,7.660000,7.473426,10031000
2015-12-11,7.540000,7.870000,7.390000,7.750000,7.561234,15209000
2015-12-14,7.680000,7.740000,7.050000,7.050000,6.878286,21175500
2015-12-15,7.120000,7.190000,6.940000,7.100000,6.927067,16431900
2015-12-16,7.280000,7.750000,7.220000,7.650000,7.463671,24884500
2015-12-17,7.260000,7.270000,6.940000,6.940000,6.770963,20657100
2015-12-18,7.070000,7.380000,7.020000,7.230000,7.053901,21511200
2015-12-21,7.390000,7.600000,7.330000,7.470000,7.288055,16836500
2015-12-22,7.430000,7.680000,7.410000,7.470000,7.288055,13543000
2015-12-23,7.510000,7.680000,7.470000,7.660000,7.473426,10690600
2015-12-24,7.720000,7.860000,7.700000,7.820000,7.629529,5990100
2015-12-28,7.690000,7.710000,7.460000,7.530000,7.346594,9599300
2015-12-29,7.620000,7.690000,7.470000,7.590000,7.405133,9923500
2015-12-30,7.380000,7.450000,7.310000,7.370000,7.190491,6921200
2015-12-31,7.340000,7.440000,7.290000,7.380000,7.200247,7765100
2016-01-04,7.690000,7.870000,7.600000,7.750000,7.561234,16529200
2016-01-05,7.800000,7.830000,7.590000,7.650000,7.463671,10416400
2016-01-06,7.830000,8.060000,7.820000,7.940000,7.746607,27686600
2016-01-07,8.230000,8.830000,8.220000,8.750000,8.536879,38298500
2016-01-08,8.480000,8.690000,8.290000,8.420000,8.214917,23231100
2016-01-11,8.460000,8.520000,7.950000,8.150000,7.951490,22993800
2016-01-12,8.040000,8.050000,7.710000,7.900000,7.707581,21541400
2016-01-13,7.820000,8.250000,7.800000,8.040000,7.844171,20811200
2016-01-14,7.900000,8.080000,7.440000,7.580000,7.395376,24017100
2016-01-15,7.990000,8.040000,7.770000,7.900000,7.707581,33732400
2016-01-19,7.960000,7.980000,7.390000,7.590000,7.405133,30794000
2016-01-20,7.800000,8.250000,7.770000,8.110000,7.912466,29243000
2016-01-21,7.920000,8.350000,7.820000,8.330000,8.127109,23635200
2016-01-22,8.100000,8.640000,8.090000,8.580000,8.371019,23255200
2016-01-25,8.740000,9.340000,8.690000,9.270000,9.044211,36763000
2016-01-26,9.410000,9.570000,9.290000,9.530000,9.297880,28788200
2016-01-27,9.290000,9.880000,9.230000,9.840000,9.600330,29434100
2016-01-28,9.530000,9.940000,9.300000,9.660000,9.424714,24911200
2016-01-29,9.500000,9.950000,9.500000,9.910000,9.668625,17992800
2016-02-01,10.030000,10.300000,9.880000,10.070000,9.824727,16790300
2016-02-02,9.900000,10.050000,9.650000,9.860000,9.619842,12446400
2016-02-03,9.980000,10.800000,9.960000,10.730000,10.468651,23070200
2016-02-04,10.910000,11.440000,10.840000,11.180000,10.907691,33117500
2016-02-05,10.820000,11.640000,10.610000,11.640000,11.356487,23223800
2016-02-08,11.930000,12.470000,11.790000,11.910000,11.619909,39140300
2016-02-09,12.050000,12.170000,11.180000,11.220000,10.946715,32264400
2016-02-10,10.920000,11.600000,10.570000,11.580000,11.297947,27524600
2016-02-11,12.610000,12.660000,11.910000,11.970000,11.678449,33803700
2016-02-12,11.690000,12.320000,11.620000,12.250000,11.951630,18949000
2016-02-16,11.560000,12.040000,11.490000,11.590000,11.307704,24508800
2016-02-17,11.730000,12.000000,11.500000,11.890000,11.600396,22669300
2016-02-18,11.760000,12.670000,11.680000,12.630000,12.322374,32225300
2016-02-19,12.460000,12.940000,12.400000,12.560000,12.254077,23409000
2016-02-22,12.160000,13.130000,12.120000,12.820000,12.507747,24530800
2016-02-23,12.950000,13.570000,12.900000,13.540000,13.210209,34525200
2016-02-24,13.920000,14.450000,13.160000,13.480000,13.151670,40165000
2016-02-25,13.350000,13.870000,13.350000,13.580000,13.268922,21567100
2016-02-26,13.030000,13.600000,13.030000,13.530000,13.220065,18683000
2016-02-29,13.640000,14.000000,13.600000,13.890000,13.571821,17055200
2016-03-01,14.000000,14.020000,13.100000,13.270000,12.966023,21344000
2016-03-02,13.300000,13.600000,13.230000,13.580000,13.268922,14811300
2016-03-03,13.570000,14.090000,13.570000,13.910000,13.591361,20312400
2016-03-04,14.050000,14.800000,13.610000,13.720000,13.405715,31811200
2016-03-07,13.970000,14.670000,13.610000,13.860000,13.542506,31945100
2016-03-08,14.140000,14.320000,13.140000,13.330000,13.024649,25470200
2016-03-09,12.890000,13.790000,12.640000,13.690000,13.376401,38507200
2016-03-10,13.970000,14.360000,13.860000,14.170000,13.845406,23621900
2016-03-11,14.100000,14.340000,13.870000,13.950000,13.630445,15392900
2016-03-14,14.070000,14.280000,13.660000,13.670000,13.356860,18801100
2016-03-15,13.780000,14.250000,13.630000,14.190000,13.864947,26885600
2016-03-16,13.960000,15.220000,13.740000,15.180000,14.832271,30391900
2016-03-17,15.250000,15.520000,14.750000,14.780000,14.441435,31421100
2016-03-18,14.670000,15.020000,14.550000,14.740000,14.402349,23750500
2016-03-21,14.630000,14.910000,14.540000,14.690000,14.353497,15666400
2016-03-22,14.980000,15.070000,14.420000,14.500000,14.167847,16881300
2016-03-23,13.930000,13.930000,13.230000,13.270000,12.966023,31735300
2016-03-24,13.380000,13.670000,13.240000,13.560000,13.249379,13018800
2016-03-28,13.560000,13.690000,13.340000,13.610000,13.298234,9792300
2016-03-29,13.710000,14.150000,13.540000,14.050000,13.728155,18247300
2016-03-30,13.940000,14.040000,13.500000,13.740000,13.425257,15902000
2016-03-31,13.960000,14.000000,13.570000,13.580000,13.268922,11409000
2016-04-01,13.210000,13.700000,13.040000,13.650000,13.337317,14610600
2016-04-04,13.580000,13.690000,13.390000,13.500000,13.190753,11365500
2016-04-05,13.900000,14.050000,13.520000,14.010000,13.689071,13426100
2016-04-06,13.910000,14.100000,13.800000,13.970000,13.649989,17233300
2016-04-07,14.280000,14.680000,14.250000,14.520000,14.187387,23743400
2016-04-08,14.610000,15.320000,14.610000,15.180000,14.832271,20664500
2016-04-11,15.450000,16.370001,15.420000,16.309999,15.936384,26119900
2016-04-12,16.280001,16.670000,15.950000,16.350000,15.975470,19114900
2016-04-13,16.010000,16.250000,15.860000,16.049999,15.682339,15611000
2016-04-14,16.000000,16.139999,15.100000,15.420000,15.066773,21097900
2016-04-15,15.480000,15.760000,15.190000,15.640000,15.281734,12919400
2016-04-18,15.920000,15.920000,15.540000,15.820000,15.457608,11407700
2016-04-19,16.370001,16.570000,16.100000,16.320000,15.946156,20985800
2016-04-20,16.309999,16.650000,15.610000,15.890000,15.526007,24826400
2016-04-21,16.230000,16.700001,16.020000,16.340000,15.965699,24333400
2016-04-22,16.139999,16.549999,15.810000,16.120001,15.750739,15879400
2016-04-25,16.250000,16.290001,16.010000,16.110001,15.740965,13938900
2016-04-26,16.160000,16.590000,16.030001,16.480000,16.102491,15016300
2016-04-27,16.590000,16.719999,16.120001,16.610001,16.229513,18355900
2016-04-28,16.790001,17.650000,16.760000,17.549999,17.147980,18314700
2016-04-29,17.959999,19.400000,17.950001,19.370001,18.926291,35558300
2016-05-02,19.459999,19.500000,18.830000,19.110001,18.672243,32058600
2016-05-03,18.709999,18.910000,18.180000,18.379999,17.958967,21665000
2016-05-04,17.809999,18.469999,17.320000,17.459999,17.060043,24385700
2016-05-05,17.809999,18.190001,17.490000,17.870001,17.460649,16446600
2016-05-06,18.160000,18.840000,18.139999,18.469999,18.046906,17339000
2016-05-09,17.809999,17.900000,17.299999,17.389999,16.991646,15199300
2016-05-10,17.420000,18.000000,17.209999,17.930000,17.519278,14460300
2016-05-11,18.450001,18.750000,17.860001,18.440001,18.017593,17899300
2016-05-12,18.420000,18.650000,17.950001,18.120001,17.704924,11745500
2016-05-13,18.090000,18.690001,18.090000,18.410000,17.988279,13043600
2016-05-16,18.889999,19.139999,18.650000,18.910000,18.476826,14315900
2016-05-17,18.780001,19.730000,18.670000,19.370001,18.926291,24636000
2016-05-18,19.059999,19.379999,17.570000,17.620001,17.216377,29603000
2016-05-19,17.270000,18.290001,17.049999,18.150000,17.734236,24397100
2016-05-20,18.299999,18.469999,17.600000,18.200001,17.783094,15001700
2016-05-23,17.850000,18.209999,17.670000,17.910000,17.499731,14180600
2016-05-24,17.500000,17.799999,16.889999,16.910000,16.522640,18616500
2016-05-25,16.709999,17.490000,16.240000,17.280001,16.884161,21649200
2016-05-26,17.600000,17.780001,16.969999,17.129999,16.756994,15734300
2016-05-27,16.950001,17.200001,16.540001,16.620001,16.277105,20209200
2016-05-31,16.590000,17.200001,16.400000,16.770000,16.424013,24952900
2016-06-01,16.990000,17.240000,16.629999,16.900000,16.551327,13251100
2016-06-02,16.709999,17.070000,16.629999,16.959999,16.610090,10775300
2016-06-03,18.000000,19.230000,18.000000,19.180000,18.784288,30028200
2016-06-06,19.090000,19.200001,18.549999,18.920000,18.529654,18181600
2016-06-07,18.700001,19.070000,18.660000,18.820000,18.431713,11310000
2016-06-08,19.540001,19.920000,19.100000,19.219999,18.823462,19431300
2016-06-09,19.230000,19.670000,19.180000,19.580000,19.176037,12851000
2016-06-10,19.830000,20.440001,19.500000,19.610001,19.205414,24422700
2016-06-13,20.350000,20.469999,19.959999,20.219999,19.802832,20669700
2016-06-14,20.290001,20.330000,19.610001,19.790001,19.381706,16447500
2016-06-15,19.680000,20.780001,19.650000,20.500000,20.077057,22494600
2016-06-16,21.209999,21.400000,19.889999,20.059999,19.646130,26980500
2016-06-17,20.410000,20.520000,19.809999,20.110001,19.695105,34176800
2016-06-20,19.389999,19.860001,19.150000,19.760000,19.352322,17292600
2016-06-21,19.389999,19.660000,19.150000,19.160000,18.764702,21169100
2016-06-22,19.219999,19.700001,19.000000,19.650000,19.244591,14408000
2016-06-23,19.440001,19.770000,19.260000,19.350000,18.950781,10314800
2016-06-24,21.000000,21.080000,19.969999,20.469999,20.047674,29073600
2016-06-27,21.000000,21.389999,20.190001,21.110001,20.674469,30785200
2016-06-28,20.540001,21.030001,20.420000,20.629999,20.204372,18658500
2016-06-29,20.830000,21.350000,20.740000,20.770000,20.341488,24509700
2016-06-30,21.000000,21.430000,20.850000,21.350000,20.909523,16036400
2016-07-01,21.830000,22.320000,21.650000,22.209999,21.751774,19040800
2016-07-05,22.469999,22.629999,21.750000,22.400000,21.937859,20974000
2016-07-06,22.820000,23.469999,22.760000,23.160000,22.682175,27343600
2016-07-07,23.000000,23.030001,21.940001,22.350000,21.888885,24443200
2016-07-08,22.190001,22.520000,21.830000,22.320000,21.859507,26795500
2016-07-11,21.990000,22.200001,21.840000,22.040001,21.585285,19638000
2016-07-12,21.969999,22.000000,20.600000,20.620001,20.194584,33607200
2016-07-13,21.110001,21.320000,20.809999,21.080000,20.645090,26849500
2016-07-14,20.570000,21.490000,20.350000,21.469999,21.027044,21128800
2016-07-15,21.139999,21.570000,21.090000,21.400000,20.958487,13237500
2016-07-18,21.420000,21.629999,21.260000,21.610001,21.164154,10088400
2016-07-19,21.520000,21.660000,21.350000,21.570000,21.124979,10921000
2016-07-20,21.020000,21.070000,19.840000,19.910000,19.499226,24664900
2016-07-21,20.240000,20.580000,20.030001,20.410000,19.988909,24925500
2016-07-22,20.309999,20.719999,20.180000,20.549999,20.126024,11839700
2016-07-25,20.270000,20.290001,19.530001,19.830000,19.420879,17669600
2016-07-26,20.180000,20.540001,19.950001,20.450001,20.028090,15632200
2016-07-27,20.790001,21.440001,20.440001,21.350000,20.909523,19841500
2016-07-28,21.480000,21.719999,20.850000,21.270000,20.831169,17978900
2016-07-29,21.650000,22.100000,21.540001,21.860001,21.408997,14774100
2016-08-01,21.840000,22.299999,21.520000,22.230000,21.771362,14483900
2016-08-02,22.480000,22.940001,22.299999,22.690001,22.221872,19352000
2016-08-03,22.540001,22.570000,22.080000,22.420000,21.957439,11690000
2016-08-04,22.590000,22.700001,22.350000,22.370001,21.908476,12072400
2016-08-05,21.580000,21.760000,21.070000,21.240000,20.801786,23504300
2016-08-08,21.160000,21.799999,21.129999,21.420000,20.978071,12217700
2016-08-09,21.549999,21.650000,21.360001,21.490000,21.046633,10659100
2016-08-10,22.070000,22.090000,21.540001,21.770000,21.320856,15635300
2016-08-11,21.740000,22.090000,21.629999,21.740000,21.291471,10009900
2016-08-12,22.080000,22.190001,21.620001,21.750000,21.301266,8427600
2016-08-15,21.709999,21.830000,21.410000,21.510000,21.066217,8002500
2016-08-16,21.559999,21.620001,20.920000,21.320000,20.880136,13669300
2016-08-17,21.080000,21.090000,20.379999,20.870001,20.439425,14914100
2016-08-18,21.010000,21.190001,20.889999,21.040001,20.605915,8464500
2016-08-19,20.700001,20.770000,20.469999,20.610001,20.184784,9103200
2016-08-22,20.170000,20.410000,20.080000,20.389999,19.969324,8994800
2016-08-23,20.469999,20.600000,20.049999,20.090000,19.675516,10540900
2016-08-24,19.719999,19.730000,18.049999,18.170000,17.795126,30367000
2016-08-25,18.129999,18.530001,18.000000,18.280001,17.902857,17163000
2016-08-26,18.709999,18.990000,17.910000,18.219999,17.844093,22441500
2016-08-29,17.990000,18.629999,17.900000,18.389999,18.030380,10218600
2016-08-30,18.230000,18.250000,17.280001,17.420000,17.079348,18919500
2016-08-31,17.110001,17.480000,16.750000,17.010000,16.677362,36424200
2016-09-01,16.879999,17.969999,16.760000,17.799999,17.451916,22559100
2016-09-02,18.340000,18.660000,17.879999,18.160000,17.804876,22971500
2016-09-06,18.660000,19.080000,18.510000,19.040001,18.667669,17269100
2016-09-07,18.950001,19.010000,18.450001,18.910000,18.540211,12274600
2016-09-08,18.870001,19.070000,18.350000,18.430000,18.069599,11311500
2016-09-09,18.209999,18.230000,17.309999,17.530001,17.187197,18499700
2016-09-12,17.240000,18.000000,17.120001,17.770000,17.422501,19472200
2016-09-13,17.570000,17.719999,17.059999,17.290001,16.951891,14611800
2016-09-14,17.469999,17.629999,16.950001,17.190001,16.853848,16072800
2016-09-15,17.150000,18.200001,17.000000,17.650000,17.304850,25959100
2016-09-16,17.469999,17.790001,17.059999,17.340000,17.000914,22760700
2016-09-19,17.590000,17.650000,17.150000,17.190001,16.853848,8789800
2016-09-20,17.250000,17.440001,17.090000,17.200001,16.863651,8651800
2016-09-21,17.480000,18.799999,17.430000,18.690001,18.324512,27351300
2016-09-22,18.920000,19.190001,18.299999,18.530001,18.167643,18682700
2016-09-23,18.520000,18.540001,18.020000,18.110001,17.755857,10712400
2016-09-26,18.200001,18.420000,17.900000,17.920000,17.569567,10405800
2016-09-27,17.730000,17.830000,17.370001,17.600000,17.255831,11570500
2016-09-28,17.610001,18.190001,17.290001,18.020000,17.667612,11931300
2016-09-29,17.900000,18.139999,17.650000,17.940001,17.589178,9713300
2016-09-30,18.320000,18.389999,17.680000,17.719999,17.373480,11204200
2016-10-03,17.700001,17.870001,17.250000,17.389999,17.049934,10308400
2016-10-04,16.750000,16.770000,15.390000,15.450000,15.147872,37042200
2016-10-05,15.800000,16.030001,15.530000,15.980000,15.667507,17985500
2016-10-06,15.540000,15.790000,15.300000,15.640000,15.334157,18023500
2016-10-07,16.100000,16.160000,15.310000,15.730000,15.422397,22006500
2016-10-10,15.920000,15.980000,15.510000,15.580000,15.275331,12934100
2016-10-11,15.630000,15.890000,15.420000,15.520000,15.216504,14359700
2016-10-12,15.610000,16.049999,15.470000,15.830000,15.520441,16396800
2016-10-13,16.010000,16.360001,15.700000,16.000000,15.687117,13260400
2016-10-14,15.800000,16.090000,15.670000,15.690000,15.383179,11524500
2016-10-17,15.730000,16.020000,15.700000,15.900000,15.589071,7446000
2016-10-18,16.260000,16.450001,16.070000,16.370001,16.049885,13569900
2016-10-19,16.700001,17.430000,16.440001,17.290001,16.951891,29588600
2016-10-20,17.320000,17.340000,16.639999,17.040001,16.706779,15876500
2016-10-21,17.020000,17.070000,16.740000,16.920000,16.589125,8518600
2016-10-24,16.990000,17.040001,16.290001,16.530001,16.206753,13482300
2016-10-25,16.680000,17.940001,16.480000,16.889999,16.559708,19977900
2016-10-26,16.850000,16.950001,16.490000,16.650000,16.324406,11478500
2016-10-27,17.100000,17.280001,16.620001,16.850000,16.520494,13324500
2016-10-28,16.809999,17.400000,16.700001,17.080000,16.745996,16946500
2016-10-31,17.170000,17.620001,17.000000,17.590000,17.246023,15424000
2016-11-01,17.990000,18.730000,17.969999,18.410000,18.049988,26242500
2016-11-02,18.670000,18.950001,17.879999,18.139999,17.785267,25104000
2016-11-03,18.000000,18.629999,17.930000,18.330000,17.971552,12350100
2016-11-04,18.299999,18.379999,18.010000,18.270000,17.912724,11742600
2016-11-07,17.559999,17.639999,17.010000,17.350000,17.010717,14294000
2016-11-08,17.360001,17.650000,16.990000,17.150000,16.814627,14290100
2016-11-09,18.299999,18.309999,16.790001,17.250000,16.912672,33909400
2016-11-10,17.100000,17.129999,15.580000,15.770000,15.461616,36124000
2016-11-11,15.790000,15.820000,14.660000,14.840000,14.549801,34916900
2016-11-14,14.560000,15.160000,13.950000,14.640000,14.353712,35808700
2016-11-15,14.780000,15.600000,14.690000,15.580000,15.275331,27134400
2016-11-16,15.550000,15.760000,15.310000,15.600000,15.294936,16722500
2016-11-17,15.650000,15.960000,15.110000,15.360000,15.059629,16131600
2016-11-18,15.180000,15.360000,14.940000,15.290000,14.990999,14552700
2016-11-21,15.550000,15.640000,15.330000,15.390000,15.089046,10228700
2016-11-22,15.470000,15.480000,14.790000,15.350000,15.049826,14784400
2016-11-23,14.650000,14.780000,14.350000,14.630000,14.343906,21355600
2016-11-25,14.760000,14.950000,14.610000,14.760000,14.471365,8003200
2016-11-28,15.090000,15.440000,14.900000,15.400000,15.119335,15149300
2016-11-29,15.080000,15.530000,15.010000,15.440000,15.158606,14887800
2016-11-30,15.200000,15.260000,14.710000,15.020000,14.746262,22946300
2016-12-01,14.950000,15.310000,14.790000,15.020000,14.746262,18420400
2016-12-02,15.240000,15.860000,15.040000,15.660000,15.374598,19261400
2016-12-05,15.350000,15.950000,15.160000,15.710000,15.423688,22994700
2016-12-06,15.680000,15.940000,15.380000,15.490000,15.207695,17462200
2016-12-07,15.670000,15.990000,15.650000,15.790000,15.502228,16784900
2016-12-08,15.750000,15.950000,15.740000,15.920000,15.629859,10827100
2016-12-09,15.840000,15.860000,15.320000,15.450000,15.168426,15558400
2016-12-12,15.580000,15.620000,15.090000,15.310000,15.030975,18397000
2016-12-13,15.230000,15.790000,15.230000,15.740000,15.453138,14780600
2016-12-14,15.900000,16.139999,14.710000,14.730000,14.461546,32200600
2016-12-15,14.250000,14.350000,13.810000,14.000000,13.744850,37334900
2016-12-16,14.220000,14.470000,13.940000,14.280000,14.019748,28339300
2016-12-19,14.260000,14.410000,14.080000,14.240000,13.980476,13868200
2016-12-20,13.990000,14.410000,13.940000,14.340000,14.078655,13240500
2016-12-21,14.250000,14.340000,14.010000,14.160000,13.901935,13521200
2016-12-22,14.120000,14.330000,14.030000,14.120000,13.862663,11047000
2016-12-23,14.180000,14.600000,14.160000,14.550000,14.284827,12422700
2016-12-27,14.710000,14.970000,14.610000,14.860000,14.589177,11185300
2016-12-28,14.800000,15.300000,14.640000,15.280000,15.001523,18028900
2016-12-29,15.600000,16.459999,15.520000,16.389999,16.091293,29842000
2016-12-30,16.440001,16.840000,15.940000,15.980000,15.688766,18793400
2017-01-03,16.000000,16.440001,15.870000,16.389999,16.091293,18580800
2017-01-04,16.559999,16.629999,16.170000,16.400000,16.101107,13709300
2017-01-05,16.780001,17.500000,16.760000,17.370001,17.053431,26859600
2017-01-06,17.020000,17.370001,16.690001,16.930000,16.621452,17819500
2017-01-09,17.280001,17.299999,16.860001,16.969999,16.660723,15547600
2017-01-10,17.030001,17.219999,16.559999,16.799999,16.493820,17280800
2017-01-11,16.760000,16.809999,16.139999,16.680000,16.376009,22506000
2017-01-12,17.049999,17.280001,16.700001,16.889999,16.582176,21009400
2017-01-13,16.760000,16.940001,16.450001,16.870001,16.562546,12428500
2017-01-17,17.590000,17.709999,17.180000,17.240000,16.925800,18686800
2017-01-18,17.190001,17.270000,16.680000,16.820000,16.513458,17108400
2017-01-19,16.639999,17.040001,16.549999,16.920000,16.611633,15553500
2017-01-20,16.969999,17.340000,16.920000,17.110001,16.798172,17743100
2017-01-23,17.400000,17.830000,17.209999,17.820000,17.495230,19934700
2017-01-24,17.790001,18.350000,17.719999,18.129999,17.799583,28880800
2017-01-25,17.760000,18.080000,17.660000,18.059999,17.730856,18390400
2017-01-26,17.580000,18.059999,17.530001,17.870001,17.544325,19269900
2017-01-27,17.850000,18.090000,17.709999,17.790001,17.465780,13234000
2017-01-30,17.910000,18.309999,17.840000,18.010000,17.681770,17198400
2017-01-31,18.459999,18.600000,18.250000,18.440001,18.103931,22459200
2017-02-01,18.160000,18.520000,18.059999,18.480000,18.143204,16189400
2017-02-02,18.950001,18.969999,18.590000,18.940001,18.594822,17869800
2017-02-03,18.820000,19.180000,18.770000,18.930000,18.585001,11774700
2017-02-06,19.170000,19.420000,18.959999,19.420000,19.066069,12254200
2017-02-07,19.200001,19.490000,19.000000,19.330000,18.977711,13156200
2017-02-08,19.500000,19.650000,19.340000,19.590000,19.232975,12512500
2017-02-09,19.590000,19.650000,19.030001,19.150000,18.800989,14426900
2017-02-10,18.850000,19.500000,18.799999,19.490000,19.134800,15641600
2017-02-13,19.290001,19.510000,19.219999,19.420000,19.066069,11874800
2017-02-14,19.540001,19.580000,19.100000,19.270000,18.918802,13953900
2017-02-15,19.000000,19.370001,18.840000,19.320000,18.967896,12778300
2017-02-16,19.740000,20.740000,19.650000,20.500000,20.126390,34706100
2017-02-17,20.420000,20.780001,20.160000,20.170000,19.802404,17088400
2017-02-21,19.980000,20.150000,19.719999,20.110001,19.743496,11708900
2017-02-22,19.940001,20.090000,19.510000,19.870001,19.507874,13647100
2017-02-23,20.180000,20.260000,19.680000,19.690001,19.331150,15881800
2017-02-24,20.000000,20.040001,19.510000,19.540001,19.213158,13359200
2017-02-27,19.590000,20.139999,18.799999,18.910000,18.593697,19348400
2017-02-28,19.170000,19.360001,18.020000,18.580000,18.269215,32533800
2017-03-01,18.240000,19.120001,18.139999,18.910000,18.593697,18157700
2017-03-02,18.389999,18.510000,17.920000,18.040001,17.738249,32754200
2017-03-03,17.910000,18.430000,17.760000,18.240000,17.934904,21504500
2017-03-06,18.209999,18.240000,17.820000,18.020000,17.718582,13093500
2017-03-07,17.799999,17.990000,17.590000,17.770000,17.472763,13907000
2017-03-08,17.559999,17.990000,17.350000,17.820000,17.521927,13064700
2017-03-09,17.780001,17.969999,17.670000,17.719999,17.423597,8733700
2017-03-10,17.830000,18.290001,17.750000,18.200001,17.895573,12913700
2017-03-13,18.379999,18.389999,18.040001,18.270000,17.964401,9828100
2017-03-14,18.230000,18.500000,17.719999,17.799999,17.502262,12902400
2017-03-15,17.950001,19.070000,17.700001,19.020000,18.701855,23309000
2017-03-16,19.440001,19.500000,18.860001,18.910000,18.593697,15767000
2017-03-17,19.030001,19.240000,18.750000,18.850000,18.534700,15091500
2017-03-20,18.930000,19.110001,18.820000,19.059999,18.741186,7937600
2017-03-21,19.110001,19.590000,19.090000,19.450001,19.124666,14114400
2017-03-22,19.660000,19.770000,19.309999,19.480000,19.154161,9935500
2017-03-23,19.549999,19.650000,19.070000,19.370001,19.046001,11470100
2017-03-24,19.260000,19.410000,19.170000,19.209999,18.888680,6517600
2017-03-27,19.620001,19.770000,19.400000,19.600000,19.272154,10212200
2017-03-28,19.520000,19.750000,19.010000,19.080000,18.760853,11304900
2017-03-29,19.000000,19.219999,18.920000,19.190001,18.869011,7267400
2017-03-30,19.059999,19.180000,18.690001,18.840000,18.524866,8694800
2017-03-31,18.879999,19.250000,18.780001,18.990000,18.672358,8676700
2017-04-03,18.990000,19.330000,18.920000,19.309999,18.987003,6709400
2017-04-04,19.420000,19.530001,19.330000,19.459999,19.134497,6834700
2017-04-05,19.180000,19.540001,19.020000,19.360001,19.036171,9587600
2017-04-06,19.370001,19.389999,19.150000,19.280001,18.957508,7323600
2017-04-07,19.680000,19.709999,18.940001,19.139999,18.819849,12943200
2017-04-10,19.100000,19.530001,18.889999,19.469999,19.144325,9826400
2017-04-11,19.760000,20.120001,19.639999,20.090000,19.753962,17833500
2017-04-12,20.049999,20.360001,19.860001,20.219999,19.881784,13983800
2017-04-13,20.299999,20.320000,19.809999,19.830000,19.498304,15723500
2017-04-17,19.879999,20.040001,19.750000,19.840000,19.508139,7013900
2017-04-18,19.860001,19.870001,19.540001,19.709999,19.380312,10328500
2017-04-19,19.490000,19.650000,18.780001,18.910000,18.593697,18922300
2017-04-20,19.059999,19.280001,18.799999,19.200001,18.878847,11576300
2017-04-21,19.150000,19.379999,19.000000,19.230000,18.908344,10490400
2017-04-24,18.920000,19.260000,18.820000,19.040001,18.721523,14307800
2017-04-25,18.190001,18.209999,16.860001,16.889999,16.607479,51408800
2017-04-26,17.120001,17.120001,16.590000,16.959999,16.676313,24479200
2017-04-27,16.910000,16.990000,16.570000,16.709999,16.430494,20271500
2017-04-28,16.799999,17.020000,16.690001,16.719999,16.440325,16559900
2017-05-01,16.590000,16.780001,16.309999,16.360001,16.086349,14705700
2017-05-02,16.350000,16.530001,16.240000,16.410000,16.135511,12835600
2017-05-03,16.370001,16.510000,16.180000,16.209999,15.938858,16064800
2017-05-04,16.000000,16.129999,15.860000,16.000000,15.732370,13131300
2017-05-05,16.260000,16.360001,16.100000,16.150000,15.879861,13008000
2017-05-08,16.230000,16.290001,15.980000,16.260000,15.988024,10651600
2017-05-09,16.180000,16.299999,16.030001,16.280001,16.007685,11221100
2017-05-10,16.469999,16.540001,16.290001,16.389999,16.115847,11237700
2017-05-11,16.469999,16.850000,16.389999,16.700001,16.420664,14670400
2017-05-12,16.830000,16.950001,16.709999,16.870001,16.587822,10705000
2017-05-15,17.080000,17.110001,16.770000,16.900000,16.617315,9868800
2017-05-16,17.010000,17.059999,16.889999,16.959999,16.676313,10012700
2017-05-17,17.340000,17.379999,16.900000,17.110001,16.823805,21332800
2017-05-18,17.059999,17.070000,16.500000,16.510000,16.233841,14176600
2017-05-19,16.750000,16.760000,16.500000,16.650000,16.371498,11953600
2017-05-22,16.799999,17.000000,16.709999,16.879999,16.597651,8425400
2017-05-23,16.920000,17.090000,16.410000,16.420000,16.145346,12353600
2017-05-24,16.469999,16.740000,16.299999,16.709999,16.430494,13392100
2017-05-25,16.600000,16.610001,16.230000,16.290001,16.017523,13912300
2017-05-26,16.490000,16.540001,16.219999,16.379999,16.135731,11784700
2017-05-30,16.350000,16.610001,16.340000,16.420000,16.234549,9004300
2017-05-31,16.469999,16.709999,16.330000,16.540001,16.353195,16226500
2017-06-01,16.309999,16.430000,16.230000,16.240000,16.056580,9920100
2017-06-02,16.450001,16.610001,16.200001,16.200001,16.017033,11906300
2017-06-05,16.240000,16.309999,16.049999,16.190001,16.007145,6869200
2017-06-06,16.510000,17.040001,16.490000,17.040001,16.847546,18435300
2017-06-07,16.959999,16.980000,16.730000,16.889999,16.699238,11605500
2017-06-08,16.820000,16.830000,16.420000,16.639999,16.452063,11663600
2017-06-09,16.370001,16.480000,16.260000,16.320000,16.135677,12561300
2017-06-12,16.240000,16.530001,16.230000,16.400000,16.214773,8994900
2017-06-13,16.320000,16.440001,16.200001,16.330000,16.145563,8257700
2017-06-14,16.530001,16.590000,15.930000,15.950000,15.769856,19223400
2017-06-15,15.630000,15.860000,15.530000,15.640000,15.463357,17626200
2017-06-16,15.690000,15.810000,15.550000,15.690000,15.512793,13103600
2017-06-19,15.610000,15.850000,15.600000,15.700000,15.522678,8616500
2017-06-20,15.710000,15.720000,15.510000,15.580000,15.404035,9129000
2017-06-21,15.670000,15.770000,15.530000,15.740000,15.562226,6275800
2017-06-22,15.970000,16.150000,15.880000,16.090000,15.908275,9764700
2017-06-23,16.350000,16.500000,16.240000,16.480000,16.293869,10559000
2017-06-26,16.290001,16.500000,16.270000,16.340000,16.155453,6913500
2017-06-27,16.520000,16.590000,16.040001,16.080000,15.898387,9865800
2017-06-28,16.270000,16.270000,15.910000,16.129999,15.947823,8062300
2017-06-29,16.129999,16.129999,15.700000,15.900000,15.720420,11364100
2017-06-30,15.880000,16.010000,15.780000,15.910000,15.730309,8842400
2017-07-03,15.580000,15.700000,15.420000,15.610000,15.433696,7223100
2017-07-05,15.620000,15.980000,15.510000,15.940000,15.759969,11025500
2017-07-06,15.830000,15.860000,15.600000,15.660000,15.483131,10411900
2017-07-07,15.600000,15.660000,15.280000,15.350000,15.176633,13831100
2017-07-10,15.280000,15.860000,15.250000,15.820000,15.641324,10487900
2017-07-11,15.770000,15.930000,15.550000,15.900000,15.720420,7144900
2017-07-12,15.990000,16.080000,15.720000,15.860000,15.680872,10773900
2017-07-13,15.900000,15.980000,15.690000,15.710000,15.532567,7448600
2017-07-14,15.970000,16.160000,15.940000,15.990000,15.809402,10300500
2017-07-17,16.139999,16.270000,16.059999,16.080000,15.898387,7245900
2017-07-18,16.299999,16.320000,16.090000,16.110001,15.928049,7174100
2017-07-19,16.120001,16.230000,16.020000,16.129999,15.947823,6255100
2017-07-20,16.100000,16.410000,16.049999,16.320000,16.135677,10836500
2017-07-21,16.430000,16.469999,16.100000,16.190001,16.007145,10269600
2017-07-24,16.230000,16.230000,15.400000,15.430000,15.255729,16668000
2017-07-25,15.440000,16.090000,15.440000,16.040001,15.858841,24809600
2017-07-26,15.900000,16.370001,15.810000,16.240000,16.056580,18460600
2017-07-27,16.540001,17.120001,16.410000,16.530001,16.343306,18852400
2017-07-28,16.680000,16.930000,16.549999,16.870001,16.679466,12819100
2017-07-31,16.809999,17.080000,16.700001,16.910000,16.719013,9527900
2017-08-01,16.790001,17.410000,16.650000,17.240000,17.045288,16847300
2017-08-02,17.129999,17.309999,17.090000,17.139999,16.946417,12763600
2017-08-03,17.139999,17.309999,17.030001,17.059999,16.867319,8914100
2017-08-04,16.930000,17.059999,16.530001,16.610001,16.422403,10882800
2017-08-07,16.639999,16.770000,16.510000,16.570000,16.382853,6648500
2017-08-08,16.670000,16.690001,16.340000,16.500000,16.313644,9159300
2017-08-09,16.840000,16.900000,16.549999,16.730000,16.541044,12175200
2017-08-10,16.990000,17.150000,16.950001,17.070000,16.877205,11566800
2017-08-11,17.010000,17.180000,16.870001,17.040001,16.847546,12103100
2017-08-14,16.709999,16.850000,16.610001,16.719999,16.531158,7497200
2017-08-15,16.420000,16.670000,16.389999,16.549999,16.363079,5848400
2017-08-16,16.590000,17.000000,16.500000,16.910000,16.719013,9399300
2017-08-17,16.990000,17.020000,16.740000,16.850000,16.659691,7042600
2017-08-18,17.100000,17.270000,16.590000,16.639999,16.452063,13798700
2017-08-21,16.709999,16.990000,16.709999,16.910000,16.719013,8305800
2017-08-22,16.860001,16.930000,16.780001,16.860001,16.669577,6050000
2017-08-23,16.930000,17.040001,16.820000,17.020000,16.827770,6610100
2017-08-24,16.969999,17.129999,16.930000,17.049999,16.857433,5666000
2017-08-25,17.120001,17.230000,16.959999,17.139999,16.946417,6884100
2017-08-28,17.250000,17.690001,17.190001,17.670000,17.470430,12070900
2017-08-29,18.010000,18.090000,17.590000,17.820000,17.648699,15182200
2017-08-30,17.730000,18.040001,17.650000,17.750000,17.579370,9594000
2017-08-31,17.760000,18.070000,17.690001,17.990000,17.817064,9124900
2017-09-01,18.160000,18.180000,17.820000,18.110001,17.935913,8311700
2017-09-05,18.290001,18.350000,18.110001,18.219999,18.044853,11156500
2017-09-06,18.139999,18.299999,17.750000,17.850000,17.678411,12367800
2017-09-07,18.070000,18.240000,17.959999,18.000000,17.826969,11999500
2017-09-08,17.980000,18.030001,17.629999,17.809999,17.638796,10512300
2017-09-11,17.520000,17.760000,17.389999,17.410000,17.242641,9805800
2017-09-12,17.320000,17.480000,17.100000,17.430000,17.262447,6998500
2017-09-13,17.410000,17.420000,17.070000,17.100000,16.935621,8894000
2017-09-14,17.040001,17.170000,16.870001,17.139999,16.975237,10694500
2017-09-15,17.200001,17.340000,17.070000,17.299999,17.133698,11020100
2017-09-18,17.030001,17.139999,16.870001,16.920000,16.757351,8247800
2017-09-19,16.980000,17.020000,16.700001,16.900000,16.737543,7935000
2017-09-20,16.940001,17.080000,16.320000,16.469999,16.311676,11943000
2017-09-21,16.209999,16.549999,16.160000,16.330000,16.173021,7734500
2017-09-22,16.459999,16.480000,16.260000,16.360001,16.202734,7222500
2017-09-25,16.340000,16.610001,16.250000,16.590000,16.430523,7706600
2017-09-26,16.440001,16.610001,16.370001,16.420000,16.262157,7781000
2017-09-27,16.270000,16.379999,16.219999,16.240000,16.083887,7668900
2017-09-28,16.270000,16.340000,16.180000,16.200001,16.044271,5595200
2017-09-29,16.200001,16.240000,16.059999,16.090000,15.935329,6429400
2017-10-02,16.030001,16.150000,15.950000,16.110001,15.955136,7998500
2017-10-03,16.090000,16.379999,16.090000,16.270000,16.113600,8041600
2017-10-04,16.420000,16.469999,16.280001,16.420000,16.262157,5341000
2017-10-05,16.459999,16.500000,16.360001,16.420000,16.262157,4935000
2017-10-06,16.379999,16.650000,16.200001,16.590000,16.430523,6364400
2017-10-09,16.670000,16.790001,16.670000,16.700001,16.539467,5412200
2017-10-10,16.809999,16.830000,16.650000,16.650000,16.489946,4836900
2017-10-11,16.709999,16.790001,16.510000,16.760000,16.598888,6752300
2017-10-12,16.750000,16.820000,16.610001,16.680000,16.519657,5666500
2017-10-13,16.780001,16.840000,16.629999,16.670000,16.509754,6146100
2017-10-16,16.680000,16.690001,16.180000,16.240000,16.083887,9897400
2017-10-17,16.139999,16.250000,16.020000,16.219999,16.064079,7918200
2017-10-18,16.150000,16.280001,16.070000,16.170000,16.014561,6208900
2017-10-19,16.250000,16.299999,16.059999,16.100000,15.945233,8168100
2017-10-20,16.040001,16.129999,15.930000,16.030001,15.875906,8863500
2017-10-23,15.940000,16.219999,15.940000,16.150000,15.994753,7436500
2017-10-24,16.070000,16.100000,15.800000,15.850000,15.697637,13380200
2017-10-25,15.900000,15.980000,15.650000,15.750000,15.598598,17014200
2017-10-26,15.520000,15.590000,14.450000,14.510000,14.370519,28280600
2017-10-27,14.580000,14.780000,14.540000,14.680000,14.538883,13197300
2017-10-30,14.660000,14.880000,14.560000,14.690000,14.548787,9338200
2017-10-31,14.610000,14.630000,14.410000,14.450000,14.311094,10108600
2017-11-01,14.520000,14.560000,14.210000,14.220000,14.083306,12456000
2017-11-02,14.180000,14.360000,14.050000,14.100000,13.964459,13359000
2017-11-03,14.130000,14.150000,13.810000,14.000000,13.865420,12157900
2017-11-06,14.050000,14.150000,13.940000,14.010000,13.875325,10090700
2017-11-07,13.980000,14.070000,13.920000,13.990000,13.855516,6311400
2017-11-08,14.100000,14.150000,13.970000,13.990000,13.855516,7316300
2017-11-09,14.060000,14.130000,13.950000,14.110000,13.974363,8248600
2017-11-10,14.100000,14.140000,13.900000,13.980000,13.845612,7187400
2017-11-13,13.970000,14.020000,13.930000,13.950000,13.815901,7348400
2017-11-14,13.840000,14.070000,13.840000,14.010000,13.875325,7613800
2017-11-15,14.100000,14.180000,13.910000,13.950000,13.815901,10758100
2017-11-16,13.950000,14.010000,13.880000,13.920000,13.786190,7436700
2017-11-17,13.950000,14.150000,13.880000,14.070000,13.934748,9326700
2017-11-20,14.030000,14.110000,13.880000,13.900000,13.766381,7841700
2017-11-21,13.920000,14.070000,13.890000,13.920000,13.786190,6288200
2017-11-22,13.990000,14.220000,13.930000,14.140000,14.004074,9986500
2017-11-24,14.260000,14.330000,14.100000,14.100000,13.964459,8630100
2017-11-27,14.300000,14.350000,14.190000,14.250000,14.113017,9003500
2017-11-28,14.270000,14.380000,14.150000,14.170000,14.033787,8153700
2017-11-29,14.070000,14.200000,13.980000,14.030000,13.924612,9160200
2017-11-30,13.750000,13.950000,13.460000,13.780000,13.676491,19871600
2017-12-01,13.770000,14.350000,13.720000,14.070000,13.964313,16541700
2017-12-04,14.030000,14.050000,13.870000,13.910000,13.805513,11353500
2017-12-05,13.860000,13.890000,13.640000,13.770000,13.666566,12467900
2017-12-06,13.740000,13.750000,13.540000,13.550000,13.448218,11326200
2017-12-07,13.290000,13.750000,13.280000,13.660000,13.557391,10981500
2017-12-08,13.700000,13.870000,13.600000,13.650000,13.547467,9484700
2017-12-11,13.660000,13.840000,13.570000,13.650000,13.547467,12464500
2017-12-12,13.620000,13.680000,13.470000,13.640000,13.537541,8130600
2017-12-13,13.680000,14.180000,13.680000,14.110000,14.004010,15859200
2017-12-14,14.090000,14.300000,14.000000,14.170000,14.063561,10953300
2017-12-15,14.240000,14.250000,14.050000,14.060000,13.954388,17874900
2017-12-18,14.150000,14.460000,14.140000,14.320000,14.212435,9864100
2017-12-19,14.290000,14.390000,14.180000,14.250000,14.142961,7268200
2017-12-20,14.330000,14.490000,14.290000,14.420000,14.311683,7994900
2017-12-21,14.400000,14.540000,14.340000,14.430000,14.321609,7196200
2017-12-22,14.470000,14.540000,14.410000,14.470000,14.361307,5193300
2017-12-26,14.500000,14.680000,14.480000,14.570000,14.460556,4846200
2017-12-27,14.600000,14.600000,14.420000,14.490000,14.381156,6469000
2017-12-28,14.540000,14.580000,14.340000,14.450000,14.341458,6387500
2017-12-29,14.460000,14.560000,14.400000,14.470000,14.361307,5619700
2018-01-02,14.650000,15.240000,14.610000,15.200000,15.085824,15223200
2018-01-03,15.240000,15.270000,14.740000,15.000000,14.887326,15155900
2018-01-04,15.030000,15.050000,14.790000,15.030000,14.917100,8936100
2018-01-05,14.990000,15.000000,14.870000,14.950000,14.837702,6515600
2018-01-08,14.880000,14.950000,14.640000,14.740000,14.629278,8362600
2018-01-09,14.640000,14.720000,14.450000,14.560000,14.450631,6824600
2018-01-10,14.690000,14.840000,14.560000,14.580000,14.470481,10591100
2018-01-11,14.660000,14.730000,14.610000,14.650000,14.539954,7128000
2018-01-12,14.840000,15.150000,14.670000,15.120000,15.006425,15256500
2018-01-16,15.310000,15.380000,14.930000,15.200000,15.085824,18467900
2018-01-17,15.100000,15.120000,14.550000,14.620000,14.510180,18182700
2018-01-18,14.720000,14.720000,14.250000,14.280000,14.172734,15305500
2018-01-19,14.420000,14.500000,14.350000,14.370000,14.262059,7325900
2018-01-22,14.390000,14.570000,14.300000,14.510000,14.401007,8737700
2018-01-23,14.470000,14.930000,14.340000,14.830000,14.718602,11940500
2018-01-24,15.170000,15.520000,15.030000,15.050000,14.936951,17774500
2018-01-25,15.140000,15.180000,14.650000,14.800000,14.688828,16464600
2018-01-26,14.770000,14.910000,14.690000,14.750000,14.639204,7925000
2018-01-29,14.640000,14.650000,14.320000,14.350000,14.242209,10507600
2018-01-30,14.420000,14.530000,14.180000,14.310000,14.202509,9915500
2018-01-31,14.380000,14.530000,14.150000,14.380000,14.271983,13304500
2018-02-01,14.270000,14.520000,14.180000,14.420000,14.311683,7320800
2018-02-02,14.200000,14.210000,13.680000,13.740000,13.636790,16664800
2018-02-05,13.820000,13.860000,13.450000,13.630000,13.527617,17217400
2018-02-06,13.570000,13.710000,13.300000,13.490000,13.388668,15563500
2018-02-07,13.360000,13.650000,13.300000,13.390000,13.289420,12354500
2018-02-08,13.410000,13.500000,13.130000,13.230000,13.130621,15194000
2018-02-09,13.170000,13.200000,12.600000,13.060000,12.961900,19853900
2018-02-12,13.140000,13.400000,13.050000,13.260000,13.160396,15174600
2018-02-13,13.350000,13.360000,13.090000,13.220000,13.120697,9466100
2018-02-14,13.180000,13.850000,13.180000,13.650000,13.547467,17502700
2018-02-15,13.700000,13.820000,13.000000,13.340000,13.239796,19288800
2018-02-16,13.150000,13.370000,13.050000,13.180000,13.080997,11275900
2018-02-20,13.000000,13.050000,12.810000,12.850000,12.753477,11528500
2018-02-21,12.900000,12.980000,12.640000,12.660000,12.564903,15558300
2018-02-22,12.650000,12.750000,12.450000,12.480000,12.386255,12927300
2018-02-23,12.450000,12.460000,12.110000,12.180000,12.088510,20523400
2018-02-26,12.200000,12.280000,12.140000,12.220000,12.128208,15365200
2018-02-27,12.100000,12.160000,11.710000,11.760000,11.700389,22437100
2018-02-28,11.730000,11.800000,11.510000,11.520000,11.461605,12782900
2018-03-01,11.430000,11.440000,11.070000,11.420000,11.362111,36052800
2018-03-02,11.500000,11.700000,11.420000,11.540000,11.481503,21407000
2018-03-05,11.500000,11.690000,11.480000,11.630000,11.571048,11158600
2018-03-06,11.820000,12.000000,11.760000,11.840000,11.779983,12946300
2018-03-07,11.820000,11.910000,11.640000,11.700000,11.640692,12452400
2018-03-08,11.670000,11.800000,11.560000,11.770000,11.710338,9177700
2018-03-09,11.750000,11.820000,11.680000,11.820000,11.760083,9709200
2018-03-12,11.870000,12.210000,11.830000,12.130000,12.068513,18215400
2018-03-13,12.200000,12.330000,12.120000,12.180000,12.118259,9916600
2018-03-14,12.240000,12.350000,12.190000,12.320000,12.257549,10486900
2018-03-15,12.290000,12.350000,12.190000,12.210000,12.148108,9231900
2018-03-16,12.260000,12.350000,12.150000,12.320000,12.257549,19491700
2018-03-19,12.310000,12.400000,12.200000,12.260000,12.197854,13590000
2018-03-20,12.200000,12.290000,11.810000,12.040000,11.978969,18344900
2018-03-21,12.120000,12.460000,12.070000,12.350000,12.287398,15069300
2018-03-22,12.310000,12.380000,12.140000,12.170000,12.108310,8502600
2018-03-23,12.470000,12.650000,12.400000,12.500000,12.436638,14734100
2018-03-26,12.600000,12.790000,12.520000,12.760000,12.695319,12706600
2018-03-27,12.610000,12.700000,12.460000,12.560000,12.496333,10490600
2018-03-28,12.450000,12.490000,12.230000,12.390000,12.327195,11373300
2018-03-29,12.390000,12.490000,12.300000,12.450000,12.386890,8371800
2018-04-02,12.570000,12.830000,12.500000,12.620000,12.556028,10068000
2018-04-03,12.600000,12.610000,12.340000,12.500000,12.436638,8098000
2018-04-04,12.600000,12.710000,12.440000,12.520000,12.456535,8429300
2018-04-05,12.410000,12.640000,12.400000,12.570000,12.506282,7278000
2018-04-06,12.660000,12.770000,12.590000,12.690000,12.625673,9038800
2018-04-09,12.690000,12.790000,12.490000,12.680000,12.615726,7953800
2018-04-10,12.780000,12.860000,12.730000,12.770000,12.705269,7447300
2018-04-11,12.870000,13.270000,12.860000,13.080000,13.013697,19391300
2018-04-12,12.950000,12.990000,12.820000,12.880000,12.814711,10656100
2018-04-13,13.010000,13.250000,12.980000,13.150000,13.083343,11510800
2018-04-16,13.200000,13.200000,12.930000,13.030000,12.963950,8474300
2018-04-17,13.000000,13.130000,12.970000,13.070000,13.003747,6892900
2018-04-18,13.170000,13.380000,13.170000,13.260000,13.192784,14769200
2018-04-19,13.320000,13.370000,13.130000,13.320000,13.252480,11142000
2018-04-20,13.250000,13.270000,13.020000,13.170000,13.103240,9071100
2018-04-23,13.000000,13.010000,12.770000,12.920000,12.854507,11023600
2018-04-24,12.930000,13.490000,12.920000,13.380000,13.312177,19654100
2018-04-25,13.200000,13.530000,13.160000,13.490000,13.421618,11704500
2018-04-26,13.530000,13.760000,13.410000,13.620000,13.550961,10533900
2018-04-27,13.620000,13.800000,13.620000,13.770000,13.700200,7882200
2018-04-30,13.630000,13.660000,13.400000,13.470000,13.401720,10181200
2018-05-01,13.440000,13.450000,13.260000,13.440000,13.371871,7508900
2018-05-02,13.480000,13.640000,13.370000,13.370000,13.302226,8313400
2018-05-03,13.550000,13.660000,13.420000,13.480000,13.411669,8943700
2018-05-04,13.380000,13.510000,13.350000,13.470000,13.401720,6269600
2018-05-07,13.470000,13.500000,13.340000,13.360000,13.292277,5635600
2018-05-08,13.300000,13.300000,13.020000,13.280000,13.212683,15693200
2018-05-09,13.260000,13.380000,13.110000,13.320000,13.252480,7799500
2018-05-10,13.440000,13.610000,13.400000,13.530000,13.461415,11293300
2018-05-11,13.590000,13.670000,13.450000,13.500000,13.431568,9322900
2018-05-14,13.550000,13.590000,13.390000,13.480000,13.411669,5216600
2018-05-15,13.130000,13.290000,12.990000,13.170000,13.103240,8322900
2018-05-16,13.210000,13.260000,13.140000,13.200000,13.133089,3881500
2018-05-17,13.200000,13.220000,13.140000,13.190000,13.123138,3808400
2018-05-18,13.120000,13.200000,12.970000,13.160000,13.093291,6468100
2018-05-21,13.130000,13.240000,13.040000,13.200000,13.133089,5362000
2018-05-22,13.270000,13.370000,13.120000,13.120000,13.053493,6272900
2018-05-23,13.070000,13.370000,13.020000,13.330000,13.262430,6991700
2018-05-24,13.340000,13.620000,13.250000,13.480000,13.411669,9378300
2018-05-25,13.450000,13.540000,13.330000,13.390000,13.322125,5879300
2018-05-29,13.260000,13.520000,13.250000,13.330000,13.262430,7164800
2018-05-30,13.370000,13.480000,13.290000,13.380000,13.342204,5934800
2018-05-31,13.400000,13.400000,13.120000,13.190000,13.152740,10971000
2018-06-01,13.150000,13.250000,12.940000,13.080000,13.043051,11116800
2018-06-04,13.120000,13.160000,12.870000,12.900000,12.863559,6155100
2018-06-05,12.920000,13.090000,12.870000,12.960000,12.923390,8120200
2018-06-06,13.040000,13.060000,12.810000,12.940000,12.903446,8649200
2018-06-07,12.960000,13.040000,12.910000,12.950000,12.913418,8008100
2018-06-08,12.950000,13.060000,12.910000,13.020000,12.983221,3706400
2018-06-11,12.970000,13.240000,12.940000,13.200000,13.162712,7755700
2018-06-12,13.100000,13.190000,12.980000,13.160000,13.122825,7543900
2018-06-13,13.150000,13.180000,12.960000,13.050000,13.013136,9222100
2018-06-14,13.120000,13.200000,13.050000,13.170000,13.132797,8698700
2018-06-15,13.030000,13.060000,12.700000,12.810000,12.773814,23710400
2018-06-18,12.790000,12.870000,12.750000,12.840000,12.803729,9461700
2018-06-19,12.750000,12.960000,12.720000,12.860000,12.823672,7640300
2018-06-20,12.860000,12.920000,12.790000,12.820000,12.783785,4969800
2018-06-21,12.740000,12.920000,12.720000,12.850000,12.813701,6177500
2018-06-22,12.900000,13.090000,12.870000,13.040000,13.003164,6626800
2018-06-25,12.950000,13.070000,12.860000,12.870000,12.833644,5818600
2018-06-26,12.790000,12.800000,12.570000,12.750000,12.713984,9182200
2018-06-27,12.720000,12.820000,12.670000,12.700000,12.664124,9468500
2018-06-28,12.700000,12.800000,12.610000,12.700000,12.664124,6323000
2018-06-29,12.790000,13.210000,12.710000,13.130000,13.092910,13266400
2018-07-02,13.030000,13.210000,12.990000,13.120000,13.082938,6910800
2018-07-03,13.290000,13.540000,13.240000,13.330000,13.292345,7541800
2018-07-05,13.470000,13.550000,13.350000,13.470000,13.431950,8072500
2018-07-06,13.420000,13.570000,13.330000,13.350000,13.312288,6668300
2018-07-09,13.470000,13.590000,13.270000,13.270000,13.232514,7832300
2018-07-10,13.220000,13.420000,13.190000,13.410000,13.372119,4982900
2018-07-11,13.290000,13.370000,12.850000,12.920000,12.883503,10414000
2018-07-12,13.010000,13.050000,12.930000,12.940000,12.903446,8562300
2018-07-13,12.880000,12.990000,12.830000,12.910000,12.873531,6137000
2018-07-16,12.910000,12.960000,12.810000,12.820000,12.783785,5852900
2018-07-17,12.700000,12.810000,12.630000,12.660000,12.624237,9782900
2018-07-18,12.520000,12.590000,12.400000,12.520000,12.484633,14161500
2018-07-19,12.230000,12.580000,12.230000,12.340000,12.305141,12548300
2018-07-20,12.530000,12.630000,12.300000,12.370000,12.335056,10555700
2018-07-23,12.210000,12.240000,11.790000,11.810000,11.776639,21697500
2018-07-24,11.890000,11.970000,11.820000,11.860000,11.826497,12705600
2018-07-25,11.950000,11.960000,11.670000,11.820000,11.786610,12034900
2018-07-26,11.530000,11.560000,11.050000,11.100000,11.068645,27135200
2018-07-27,11.070000,11.380000,10.930000,11.230000,11.198277,17541000
2018-07-30,11.160000,11.310000,11.060000,11.150000,11.118503,15736400
2018-07-31,11.150000,11.300000,11.110000,11.190000,11.158390,12351800
2018-08-01,11.140000,11.180000,10.900000,10.950000,10.919067,13076100
2018-08-02,10.890000,11.110000,10.850000,10.940000,10.909096,11334300
2018-08-03,11.020000,11.290000,11.000000,11.100000,11.068645,12830200
2018-08-06,10.970000,11.170000,10.860000,11.010000,10.978899,11572700
2018-08-07,11.090000,11.170000,10.750000,10.790000,10.759520,15938100
2018-08-08,10.880000,11.000000,10.770000,10.920000,10.889153,11703600
2018-08-09,10.980000,11.020000,10.840000,10.860000,10.829322,8746100
2018-08-10,10.820000,10.990000,10.790000,10.830000,10.799407,11317500
2018-08-13,10.790000,10.820000,10.410000,10.500000,10.470339,13799300
2018-08-14,10.550000,10.590000,10.340000,10.410000,10.380593,11269800
2018-08-15,10.220000,10.260000,9.720000,9.980000,9.951808,24857700
2018-08-16,10.120000,10.250000,9.850000,9.860000,9.832147,19481800
2018-08-17,9.990000,10.150000,9.850000,10.020000,9.991695,17193300
2018-08-20,10.120000,10.240000,10.030000,10.140000,10.111357,13360500
2018-08-21,10.190000,10.250000,10.090000,10.180000,10.151243,8847700
2018-08-22,10.220000,10.390000,10.220000,10.380000,10.350678,10673300
2018-08-23,10.270000,10.320000,10.200000,10.230000,10.201101,15387200
2018-08-24,10.410000,10.650000,10.290000,10.460000,10.430452,14793600
2018-08-27,10.510000,10.650000,10.500000,10.620000,10.590000,12521200
2018-08-28,10.730000,10.790000,10.540000,10.620000,10.590000,14349800
2018-08-29,10.690000,10.800000,10.610000,10.620000,10.590000,12503600
2018-08-30,10.520000,10.560000,10.360000,10.470000,10.470000,8233200
2018-08-31,10.520000,10.620000,10.340000,10.420000,10.420000,14290400
2018-09-04,10.170000,10.170000,9.810000,9.840000,9.840000,17457600
2018-09-05,9.930000,9.930000,9.640000,9.850000,9.850000,10374600
2018-09-06,9.930000,10.110000,9.890000,9.920000,9.920000,10115100
2018-09-07,9.850000,10.090000,9.810000,10.050000,10.050000,10388300
2018-09-10,10.010000,10.100000,9.740000,9.760000,9.760000,10805500
2018-09-11,9.710000,9.840000,9.530000,9.770000,9.770000,9029200
2018-09-12,9.770000,10.200000,9.700000,10.080000,10.080000,14433100
2018-09-13,10.290000,10.330000,10.040000,10.110000,10.110000,12262700
2018-09-14,10.110000,10.320000,10.010000,10.110000,10.110000,9807800
2018-09-17,10.180000,10.440000,10.120000,10.350000,10.350000,14812600
2018-09-18,10.420000,10.550000,10.390000,10.480000,10.480000,15424900
2018-09-19,10.560000,10.790000,10.560000,10.600000,10.600000,14289600
2018-09-20,10.720000,10.770000,10.480000,10.620000,10.620000,14401800
2018-09-21,10.490000,10.630000,10.200000,10.470000,10.470000,24759500
2018-09-24,10.960000,11.190000,10.870000,11.040000,11.040000,48744500
2018-09-25,11.470000,11.640000,11.170000,11.180000,11.180000,32147700
2018-09-26,11.210000,11.220000,10.820000,10.850000,10.850000,21161100
2018-09-27,10.720000,11.270000,10.720000,11.130000,11.130000,27075900
2018-09-28,11.190000,11.320000,11.050000,11.080000,11.080000,18227900
2018-10-01,11.080000,11.210000,11.060000,11.140000,11.140000,12271800
2018-10-02,11.240000,11.700000,11.190000,11.690000,11.690000,26020800
2018-10-03,11.730000,11.800000,11.570000,11.620000,11.620000,18158700
2018-10-04,11.620000,11.700000,11.480000,11.650000,11.650000,15534000
2018-10-05,11.580000,11.630000,11.350000,11.470000,11.470000,15872600
2018-10-08,11.250000,11.410000,11.090000,11.410000,11.410000,13408900
2018-10-09,11.240000,11.390000,11.100000,11.320000,11.320000,12803900
2018-10-10,11.290000,11.650000,11.120000,11.500000,11.500000,21261600
2018-10-11,11.830000,12.750000,11.710000,12.580000,12.580000,49217900
2018-10-12,12.430000,12.600000,12.150000,12.470000,12.470000,26201700
2018-10-15,12.560000,12.950000,12.560000,12.700000,12.700000,28002300
2018-10-16,12.670000,12.930000,12.560000,12.750000,12.750000,25875600
2018-10-17,12.690000,12.970000,12.590000,12.720000,12.720000,20508900
